tree
version=v4
num_class=1
num_tree_per_iteration=1
label_index=0
max_feature_idx=37
objective=regression_l1
feature_names=Column_0 Column_1 Column_2 Column_3 Column_4 Column_5 Column_6 Column_7 Column_8 Column_9 Column_10 Column_11 Column_12 Column_13 Column_14 Column_15 Column_16 Column_17 Column_18 Column_19 Column_20 Column_21 Column_22 Column_23 Column_24 Column_25 Column_26 Column_27 Column_28 Column_29 Column_30 Column_31 Column_32 Column_33 Column_34 Column_35 Column_36 Column_37
feature_infos=[1:7] [0:12.199999809265137] [0:18.399999618530273] [0:9.1999998092651367] [0:9.8000001907348633] [0:8.3000001907348633] [0:1] [0.02857142873108387:11.971428871154785] [0.092857144773006439:9.9214286804199219] [0.15000000596046448:9.2178573608398438] [0.082784637808799744:6.3598713874816895] [0:1] [0:1] [-0.97492790222167969:0.97492790222167969] [-0.90096884965896606:1] [55:68] [1.1287000179290771:1.7733999490737915] [21.680000305175781:23.940000534057617] [67.05999755859375:75.599998474121094] [1.2000000476837158:1.9199999570846558] [0.41899999976158142:1] [0:1] [0:1] none none [0.45581352710723877:0.66375440359115601] [0.0026951399631798267:0.080621019005775452] [0.36949124932289124:0.66311311721801758] [0.014186088927090168:0.60748022794723511] [0.32767966389656067:0.87196558713912964] [0.00060735549777746201:0.26483410596847534] [0.24990837275981903:1.2908620834350586] [0.00026571803027763963:0.19806297123432159] [0.24990837275981903:1.5354659557342529] [0.00011387915583327413:0.049868226051330566] [0.18951895833015442:1.7498493194580078] [3.7959718611091375e-05:0.014733794145286083] [0.058782145380973816:10.676931381225586]
tree_sizes=1129 1146 1237 1236 1230 1232 1235 1245 1234 1236 1240 1148 1153 1153 1600 1228 1142 1591 1596 1595 1511 1605 1597 1588 1601 1595 1532 1515 1586 1587 1595 1610 1507 1509 1502 1421 1323 1429 1430 1514 1327 1336 1124 1341 1526 1124 1128 1110 1126 1526

Tree=0
num_leaves=11
num_cat=0
split_feature=36 34 7 31 33 37 35 17 26 1
split_gain=95.4033 66.9339 85.8658 49.7024 50.851 42.8011 36.5649 28.6702 5.38152 5.12962
threshold=0.014050519093871118 0.006203702650964261 0.98428571224212658 0.88245674967765819 1.5071119666099551 1.835976302623749 0.43603140115737921 22.505000114440922 0.03760181367397309 0.5900000035762788
decision_type=2 2 2 2 2 2 2 2 2 2
left_child=1 2 6 4 -3 -5 -1 -4 -2 -10
right_child=8 3 7 5 -6 -7 -8 -9 9 -11
leaf_value=0.0046498461905866862 -0.0037017737235873933 0.0036154487740714101 0.0064249191526323558 0.0034287313930690287 0.013377252304926514 -0.0095749712642282242 0.0027933222521096465 0.013747565681114793 -0.0030487682577222579 -0.00071877642534673176
leaf_weight=2035 84 12680 287 304 210 334 1025 629 79 54
leaf_count=2035 84 12680 287 304 210 334 1025 629 79 54
internal_value=0.00382259 0.00406768 0.00748959 0.00306194 0.0034665 -0.00511158 0.00507749 0.0155475 -0.015947 -0.0121924
internal_weight=17721 17504 3976 13528 12890 638 3060 916 217 133
internal_count=17721 17504 3976 13528 12890 638 3060 916 217 133
is_linear=0
shrinkage=1


Tree=1
num_leaves=11
num_cat=0
split_feature=36 34 7 31 33 37 35 17 26 1
split_gain=92.7372 64.2115 81.9359 45.413 46.9749 40.9424 35.3386 28.2851 4.61808 5.12962
threshold=0.014050519093871118 0.006203702650964261 0.98428571224212658 0.88245674967765819 1.5071119666099551 1.835976302623749 0.43603140115737921 22.505000114440922 0.03760181367397309 0.5900000035762788
decision_type=2 2 2 2 2 2 2 2 2 2
left_child=1 2 6 4 -3 -5 -1 -4 -2 -10
right_child=8 3 7 5 -6 -7 -8 -9 9 -11
leaf_value=0.00080244009392336016 -0.0072986312228254966 -0.00020092540009645742 0.0025242608671076595 -0.00038204125966876746 0.009268024024832993 -0.012995632837247103 -0.00099838812639936798 0.0096272279997356228 -0.0066652159209363154 -0.0044051238435320553
leaf_weight=2035 84 12680 287 304 210 334 1025 629 79 54
leaf_count=2035 84 12680 287 304 210 334 1025 629 79 54
internal_value=-1.69291e-06 0.000239945 0.00359155 -0.000745121 -0.000358417 -0.00855799 0.00123529 0.0114629 -0.0194931 -0.016015
internal_weight=17721 17504 3976 13528 12890 638 3060 916 217 133
internal_count=17721 17504 3976 13528 12890 638 3060 916 217 133
is_linear=0
shrinkage=0.03


Tree=2
num_leaves=12
num_cat=0
split_feature=36 34 7 20 2 35 35 17 15 18 4
split_gain=82.4811 59.053 73.0909 44.2715 52.3995 44.6503 34.8083 25.0407 6.37058 3.76506 1.84821
threshold=0.014050519093871118 0.0061440516728907832 0.98428571224212658 0.85050001740455639 0.80500000715255748 1.0132819116115572 0.43603140115737921 22.505000114440922 57.500000000000007 67.360000610351577 0.3900000005960465
decision_type=2 2 2 2 2 2 2 2 2 2 2
left_child=1 2 6 5 -5 -3 -1 -4 -2 -10 -11
right_child=8 3 7 4 -6 -7 -8 -9 9 10 -12
leaf_value=0.00082771394904423501 -0.0027132032537525519 -0.0008149289867560146 0.0024485330410944296 -0.00042932045335869766 0.0013975208773422637 -0.0073295851345164705 -0.00096843648260738703 0.0094396958424942563 -0.0073273245679317048 -0.0081574199602855359 -0.0068654018366402017
leaf_weight=1929 52 2538 287 6275 4162 673 1025 615 50 59 56
leaf_count=1929 52 2538 287 6275 4162 673 1025 615 50 59 56
internal_value=-5.07872e-06 0.000222806 0.00350104 -0.0007034 0.000244323 -0.00378387 0.00121869 0.0109756 -0.0183871 -0.0212727 -0.0242609
internal_weight=17721 17504 3856 13648 10437 3211 2954 902 217 165 115
internal_count=17721 17504 3856 13648 10437 3211 2954 902 217 165 115
is_linear=0
shrinkage=0.03


Tree=3
num_leaves=12
num_cat=0
split_feature=36 34 7 31 33 37 35 17 15 18 4
split_gain=79.7792 56.8224 69.7521 44.6352 43.0916 39.9814 34.1781 26.0921 7.64992 3.76506 1.84821
threshold=0.014050519093871118 0.0061440516728907832 0.98428571224212658 0.88245674967765819 1.5071119666099551 1.835976302623749 0.43603140115737921 22.505000114440922 57.500000000000007 67.360000610351577 0.3900000005960465
decision_type=2 2 2 2 2 2 2 2 2 2 2
left_child=1 2 6 4 -3 -5 -1 -4 -2 -10 -11
right_child=8 3 7 5 -6 -7 -8 -9 9 10 -12
leaf_value=0.00080288253057290797 -0.0026318071561399754 -0.00017141657966433354 0.0023750770498615968 -0.00030155825291751305 0.0089480576777677349 -0.012419885367298525 -0.00093938338812916543 0.0091565049672194289 -0.0071075048308937528 -0.0079126973614769697 -0.0066594397815409948
leaf_weight=1929 52 12800 287 304 210 334 1025 615 50 59 56
leaf_count=1929 52 12800 287 304 210 334 1025 615 50 59 56
internal_value=-3.21652e-05 0.000191956 0.00340768 -0.000716589 -0.000336664 -0.00846395 0.00117806 0.0107095 -0.0181106 -0.0212727 -0.0242609
internal_weight=17721 17504 3856 13648 13010 638 2954 902 217 165 115
internal_count=17721 17504 3856 13648 13010 638 2954 902 217 165 115
is_linear=0
shrinkage=0.03


Tree=4
num_leaves=12
num_cat=0
split_feature=36 34 7 31 2 37 35 17 15 1 4
split_gain=77.387 55.7279 63.2582 41.5412 41.3033 37.1669 32.4309 30.1003 7.23411 3.87631 0.495934
threshold=0.014050519093871118 0.0061440516728907832 1.0049999952316286 0.88245674967765819 0.71999999880790722 1.835976302623749 0.34140628576278692 22.505000114440922 57.500000000000007 0.48999999463558203 0.3900000005960465
decision_type=2 2 2 2 2 2 2 2 2 2 2
left_child=1 2 6 4 -3 -5 -1 -4 -2 10 -10
right_child=8 3 7 5 -6 -7 -8 -9 9 -11 -12
leaf_value=0.0029156482743565339 -0.0025528529414557762 -0.00057162643628418444 0.0019136246822300945 -0.00029251150532998762 0.00061444180879631851 -0.012047288806279571 0.00012720606464244733 0.010407142298871868 -0.0077100045557525953 -0.0060868231374251562 -0.007060389876401508
leaf_weight=272 52 6642 254 304 6368 334 2756 574 51 59 55
leaf_count=272 52 6642 254 304 6368 334 2756 574 51 59 55
internal_value=-2.87794e-05 0.000191956 0.00337656 -0.000707796 -0.000341276 -0.00818182 0.00136724 0.0107246 -0.0178341 -0.0209091 -0.0243396
internal_weight=17721 17504 3856 13648 13010 638 3028 828 217 165 106
internal_count=17721 17504 3856 13648 13010 638 3028 828 217 165 106
is_linear=0
shrinkage=0.03


Tree=5
num_leaves=12
num_cat=0
split_feature=36 34 7 20 2 35 35 17 15 1 16
split_gain=75.0891 52.8044 62.1077 39.2715 46.5655 37.2292 31.382 29.0942 6.82992 3.4324 0.388378
threshold=0.014050519093871118 0.0061440516728907832 1.0049999952316286 0.85050001740455639 0.5900000035762788 1.0132819116115572 0.34140628576278692 22.505000114440922 57.500000000000007 0.48999999463558203 1.1423000097274782
decision_type=2 2 2 2 2 2 2 2 2 2 2
left_child=1 2 6 5 -5 -3 -1 -4 -2 10 -10
right_child=8 3 7 4 -6 -7 -8 -9 9 -11 -12
leaf_value=0.0028281788261258381 -0.0024762673532121027 -0.0007791200083810437 0.0018562159417631916 -0.00062205749188748004 0.0006602114755919873 -0.0066313074108707631 0.00012338988270317391 0.010094928029905711 -0.0086429149045997109 -0.0059042184433024019 -0.0062746052543184152
leaf_weight=272 52 2538 254 3634 6803 673 2756 574 54 59 52
leaf_count=272 52 2538 254 3634 6803 673 2756 574 54 59 52
internal_value=-1.8622e-05 0.000198812 0.00329876 -0.000677022 0.000215579 -0.00357832 0.00130779 0.0105797 -0.0175576 -0.0205455 -0.0237736
internal_weight=17721 17504 3856 13648 10437 3211 3028 828 217 165 106
internal_count=17721 17504 3856 13648 10437 3211 3028 828 217 165 106
is_linear=0
shrinkage=0.03


Tree=6
num_leaves=12
num_cat=0
split_feature=36 34 7 20 32 35 35 17 15 1 18
split_gain=70.4849 50.7053 60.7051 37.943 45.3435 30.2246 28.7813 28.1052 6.0564 2.62554 0.943396
threshold=0.014050519093871118 0.0061440516728907832 1.0049999952316286 0.83149999380111705 0.022409791126847271 0.34140628576278692 1.0132819116115572 22.505000114440922 57.500000000000007 0.48999999463558203 67.74499893188478
decision_type=2 2 2 2 2 2 2 2 2 2 2
left_child=1 2 5 6 -5 -1 -3 -4 -2 10 -10
right_child=8 3 7 4 -6 -7 -8 -9 9 -11 -12
leaf_value=0.0027433334613420628 -0.0024019793326157395 -0.00082830516595172468 0.0018005294635102958 -0.0016411503698611299 0.00036886725863780463 0.0001196881862220787 -0.0059629713291372149 0.0097920801890085396 -0.0082280909367716728 -0.005727091890003329 -0.0060309075079227649
leaf_weight=272 52 2284 254 1555 9178 2756 631 574 53 59 53
leaf_count=272 52 2284 254 1555 9178 2756 631 574 53 59 53
internal_value=-1.18503e-05 0.000198812 0.00323651 -0.000659437 0.000164912 0.00126816 -0.00369468 0.0104348 -0.0170046 -0.0198182 -0.0226415
internal_weight=17721 17504 3856 13648 10733 3028 2915 828 217 165 106
internal_count=17721 17504 3856 13648 10733 3028 2915 828 217 165 106
is_linear=0
shrinkage=0.03


Tree=7
num_leaves=12
num_cat=0
split_feature=36 34 7 20 32 35 35 11 15 1 16
split_gain=68.1269 49.3629 60.5594 37.3153 46.7883 31.4924 27.9171 22.1835 5.68706 2.26258 0.686395
threshold=0.014050519093871118 0.006203702650964261 0.98428571224212658 0.83149999380111705 0.022409791126847271 0.43603140115737921 1.0132819116115572 0.78571429848670971 57.500000000000007 0.48999999463558203 1.1423000097274782
decision_type=2 2 2 2 2 2 2 2 2 2 2
left_child=1 2 5 6 -5 -1 -3 -4 -2 10 -10
right_child=8 3 7 4 -6 -7 -8 -9 9 -11 -12
leaf_value=0.00071834047271011404 -0.0023299199526372674 -0.00080600848096719065 0.0048804693870370145 -0.0018486216153438904 0.00035780124087867051 -0.00092231041049232142 -0.0057840821892630994 0.015059242939216351 -0.0081367847293585694 -0.0055552791333032293 -0.0059054398714511788
leaf_weight=2035 52 2283 711 1436 9178 1025 631 205 54 59 52
leaf_count=2035 52 2283 711 1436 9178 1025 631 205 54 59 52
internal_value=-2.20078e-05 0.000185101 0.00312374 -0.000678593 0.000146976 0.00109804 -0.00368566 0.00989083 -0.0167281 -0.0194545 -0.0220755
internal_weight=17721 17504 3976 13528 10614 3060 2914 916 217 165 106
internal_count=17721 17504 3976 13528 10614 3060 2914 916 217 165 106
is_linear=0
shrinkage=0.03


Tree=8
num_leaves=12
num_cat=0
split_feature=36 34 7 33 36 35 17 11 26 15 37
split_gain=63.9854 47.0835 56.2534 35.7471 37.3497 28.9658 25.7075 11.8317 6.20092 5.47109 3.7458
threshold=0.014050519093871118 0.0061440516728907832 1.0049999952316286 0.34798131883144384 0.012477901764214041 0.34140628576278692 22.505000114440922 0.21428572386503222 0.035432687029242523 60.500000000000007 0.62919467687606823
decision_type=2 2 2 2 2 2 2 2 2 2 2
left_child=1 2 5 7 -5 -1 -4 -3 -2 -10 -11
right_child=8 3 6 4 -6 -7 -8 -9 9 10 -12
leaf_value=0.0026394832433204976 -0.0059038380424222695 -0.0012334461844612911 0.0016000994979938766 -0.00048481418071295027 0.0016590238663369895 0.00010745132740383461 0.0093519037017271728 0.0025916805791670557 -0.0019740301200366363 -0.0041720311223236552 -0.0091786211533099651
leaf_weight=272 62 64 254 12190 1047 2756 574 347 50 55 50
leaf_count=272 62 64 254 12190 1047 2756 574 347 50 55 50
internal_value=1.52362e-05 0.000215951 0.00314315 -0.000611079 -0.00088162 0.00124835 0.0100725 0.00810219 -0.0161751 -0.0129677 -0.0168571
internal_weight=17721 17504 3856 13648 13237 3028 828 411 217 155 105
internal_count=17721 17504 3856 13648 13237 3028 828 411 217 155 105
is_linear=0
shrinkage=0.03


Tree=9
num_leaves=12
num_cat=0
split_feature=36 11 33 7 0 19 7 9 26 15 25
split_gain=59.7408 46.5988 53.5824 45.4922 24.6778 26.5581 14.8207 14.1309 7.08571 4.48307 4.81167
threshold=0.014050519093871118 0.21428572386503222 0.3461094349622727 0.4435714334249497 2.5000000000000004 1.7800000309944155 0.98428571224212658 0.60482141375541698 0.035432687029242523 60.500000000000007 0.58715346455574047
decision_type=2 2 2 2 2 2 2 2 2 2 2
left_child=1 4 7 -4 6 -6 -1 -3 -2 -10 -11
right_child=8 2 3 -5 5 -7 -8 -9 9 10 -12
leaf_value=-0.0016186283160377251 -0.0057267229011496012 0.0019411566160036019 -0.00080813138234931542 0.00057108704083096661 -5.5968749467944652e-05 -0.0042209670424515067 -0.00059900663776210985 0.0052803028722584293 -0.0019148092164355372 -0.0050062540405998515 -0.0066570172054699478
leaf_weight=1206 62 653 1755 8977 4060 177 611 65 50 52 53
leaf_count=1206 62 653 1755 8977 4060 177 611 65 50 52 53
internal_value=2.20078e-05 0.000215951 0.00134148 0.00081066 -0.00191278 -0.000658485 -0.00483764 0.00927577 -0.0156221 -0.0121935 -0.0157143
internal_weight=17721 17504 11450 10732 6054 4237 1817 718 217 155 105
internal_count=17721 17504 11450 10732 6054 4237 1817 718 217 155 105
is_linear=0
shrinkage=0.03


Tree=10
num_leaves=12
num_cat=0
split_feature=36 11 33 34 0 36 7 9 26 15 25
split_gain=59.7408 45.3062 51.5569 41.972 24.0689 26.0189 15.0722 14.4872 7.08571 4.48307 4.81167
threshold=0.014050519093871118 0.21428572386503222 0.3461094349622727 0.0061440516728907832 2.5000000000000004 0.012477901764214041 0.98428571224212658 0.60482141375541698 0.035432687029242523 60.500000000000007 0.58715346455574047
decision_type=2 2 2 2 2 2 2 2 2 2 2
left_child=1 4 7 -4 6 -6 -1 -3 -2 -10 -11
right_child=8 2 3 -5 5 -7 -8 -9 9 10 -12
leaf_value=-0.0015700694665565934 -0.0055549212141151128 0.0018829219175234941 0.0012298648768141326 -7.3324160104672024e-05 -0.00055636787292095025 0.0022679935140026974 -0.00058103643862924658 0.0051218937860906758 -0.0018573649399424715 -0.0048560664193818565 -0.0064573066893058488
leaf_weight=1206 62 653 2370 8362 3896 341 611 65 50 52 53
leaf_count=1206 62 653 2370 8362 3896 341 611 65 50 52 53
internal_value=2.20078e-05 0.000215951 0.00132576 0.000805069 -0.00188305 -0.000644324 -0.0047716 0.00910864 -0.0156221 -0.0121935 -0.0157143
internal_weight=17721 17504 11450 10732 6054 4237 1817 718 217 155 105
internal_count=17721 17504 11450 10732 6054 4237 1817 718 217 155 105
is_linear=0
shrinkage=0.03


Tree=11
num_leaves=11
num_cat=0
split_feature=36 11 33 7 0 36 7 32 26 0
split_gain=57.5969 41.9327 45.7798 42.1631 23.5767 25.6493 14.3043 12.4526 7.55023 4.03893
threshold=0.014050519093871118 0.21428572386503222 0.3461094349622727 0.4435714334249497 2.5000000000000004 0.012477901764214041 0.98428571224212658 0.0040454213740304121 0.035432687029242523 3.5000000000000004
decision_type=2 2 2 2 2 2 2 2 2 2
left_child=1 4 7 -4 6 -6 -1 -3 -2 -10
right_child=8 2 3 -5 5 -7 -8 -9 9 -11
leaf_value=-0.0015229673825598955 -0.00538827357769166 0.00449252029298443 -0.00078348384531013121 0.00055615415440917783 -0.00053967683673332163 0.0021999537085826163 -0.00056360534547036923 0.0016502014885944822 -0.0024016099960674992 -0.0059017872545024811
leaf_weight=1206 62 92 1755 8977 3896 341 611 626 85 70
leaf_count=1206 62 92 1755 8977 3896 341 611 626 85 70
internal_value=1.52362e-05 0.000205667 0.00127336 0.000782706 -0.00181368 -0.00058768 -0.00467254 0.00860724 -0.0153456 -0.0118065
internal_weight=17721 17504 11450 10732 6054 4237 1817 718 217 155
internal_count=17721 17504 11450 10732 6054 4237 1817 718 217 155
is_linear=0
shrinkage=0.03


Tree=12
num_leaves=11
num_cat=0
split_feature=36 34 7 31 33 37 35 26 26 0
split_gain=55.4424 39.6408 58.938 35.8125 37.227 34.5988 28.4001 23.4608 6.41659 4.03893
threshold=0.014050519093871118 0.006203702650964261 0.98428571224212658 0.88245674967765819 1.5071119666099551 1.9408659338951113 0.43603140115737921 0.034657223150134094 0.035432687029242523 3.5000000000000004
decision_type=2 2 2 2 2 2 2 2 2 2
left_child=1 2 6 4 -3 -5 -1 -4 -2 -10
right_child=8 3 7 5 -6 -7 -8 -9 9 -11
leaf_value=0.00060081058406713528 -0.0052266253703609098 -0.00014764632028956373 -0.0022887840739773241 -0.00051358011087386632 0.0086355921656987508 -0.012307014957945089 -0.00087948796833486572 0.0072836965809007538 -0.0023295616961854742 -0.005724733636867407
leaf_weight=2035 62 12680 130 328 210 310 1025 786 85 70
leaf_count=2035 62 12680 130 328 210 310 1025 786 85 70
internal_value=1.69291e-06 0.000188528 0.00282193 -0.000585452 -0.000242048 -0.00752351 0.000823529 0.00949782 -0.0150691 -0.0118065
internal_weight=17721 17504 3976 13528 12890 638 3060 916 217 155
internal_count=17721 17504 3976 13528 12890 638 3060 916 217 155
is_linear=0
shrinkage=0.03


Tree=13
num_leaves=11
num_cat=0
split_feature=36 12 34 13 15 33 7 10 26 0
split_gain=53.549 39.2386 43.8506 36.4235 57.661 35.2598 31.4507 21.0061 5.37512 4.03893
threshold=0.014050519093871118 0.51785713434219371 0.006203702650964261 1.0000000180025095e-35 64.500000000000014 0.99235436320304882 0.9407142996788026 0.51728367805480968 0.035432687029242523 3.5000000000000004
decision_type=2 2 2 2 2 2 2 2 2 2
left_child=1 3 7 4 -1 -4 -5 -3 -2 -10
right_child=8 2 5 6 -6 -7 -8 -9 9 -11
leaf_value=0.00095409300856132118 -0.005069826609250083 0.0014634921024402094 0.00075718372378338189 -0.001002391792374963 -0.00086905664538870395 -0.0068775361397198868 0.00055203761749951312 0.012523283291278128 -0.0022596748452999101 -0.0055529916277613847
leaf_weight=4989 62 839 1983 3927 3224 367 1794 381 85 70
leaf_count=4989 62 839 1983 3927 3224 367 1794 381 85 70
internal_value=1.8622e-05 0.000202239 0.0030084 -0.000516722 0.000763424 0.000612766 -0.00235448 0.00762295 -0.0147926 -0.0118065
internal_weight=17721 17504 3570 13934 8213 2350 5721 1220 217 155
internal_count=17721 17504 3570 13934 8213 2350 5721 1220 217 155
is_linear=0
shrinkage=0.03


Tree=14
num_leaves=16
num_cat=0
split_feature=20 31 33 9 36 10 8 26 35 34 30 13 15 17 4
split_gain=52.3288 73.8453 51.3563 58.1502 50.7806 37.6859 46.3936 28.4747 24.2853 21.6529 20.5358 10.364 10.6007 7.73281 1.11051
threshold=0.83750000596046459 0.73488351702690136 1.5273656249046328 1.293035686016083 0.01181360660120845 0.98881101608276378 1.0364285707473757 0.051552008837461478 0.41551262140274053 0.0058403739240020522 0.024649415165185932 -0.60785761475563038 62.500000000000007 22.739999771118168 1.5500000119209292
decision_type=2 2 2 2 2 2 2 2 2 2 2 2 2 2 2
left_child=4 5 3 -3 7 6 -2 9 -7 -1 -9 14 -13 -4 -6
right_child=1 2 13 -5 11 8 -8 10 -10 -11 -12 12 -14 -15 -16
leaf_value=0.0028613230404584493 -0.00013996090310350044 0.0013169524466821242 -0.02825283900416229 0.012282426554792527 -0.0094399463333645576 -0.0081459745752572536 0.0022632456198809331 0.0052140891768034537 -0.0038034030802152697 -0.0018096819481457722 5.2343895475504806e-05 -0.0047976300326240525 -0.0029225086092240994 -0.0060526980165812325 -0.010130435556410232
leaf_weight=205 9408 1158 50 657 66 55 2043 192 476 1955 958 211 140 97 50
leaf_count=205 9408 1158 50 657 66 55 2043 192 476 1955 958 211 140 97 50
internal_value=-5.07872e-06 0.000843373 0.00623853 0.00761983 -0.00313741 -4.00601e-05 0.000322243 -0.00183082 -0.00785311 -0.00386111 0.00198261 -0.0123983 -0.00982906 -0.0108163 -0.0201724
internal_weight=17721 13944 1962 1815 3777 11982 11451 3310 531 2160 1150 467 351 147 116
internal_count=17721 13944 1962 1815 3777 11982 11451 3310 531 2160 1150 467 351 147 116
is_linear=0
shrinkage=0.03


Tree=15
num_leaves=12
num_cat=0
split_feature=36 11 33 7 20 0 32 26 37 8 4
split_gain=49.6722 38.9636 42.4583 38.0479 22.2739 21.8215 12.6914 6.20092 4.79898 2.40374 2.30992
threshold=0.014050519093871118 0.21428572386503222 0.34483075141906744 0.4435714334249497 0.59450000524520885 2.5000000000000004 0.0040454213740304121 0.035432687029242523 0.68030673265457164 0.42785714566707617 0.48999999463558203
decision_type=2 2 2 2 2 2 2 2 2 2 2
left_child=1 4 6 -4 10 -6 -3 -2 9 -9 -1
right_child=7 2 3 -5 5 -7 -8 8 -10 -11 -12
leaf_value=0.007184687724008194 -0.0048031151334892511 0.0043719909203324431 -0.00073434839256272854 0.00051110391351447875 -0.0013464763703364079 -0.000316010078591222 0.0016841546053487555 -0.0035231951287042046 -0.0056536320444764377 -0.0016582670936569808 0.0036678143468042725
leaf_weight=56 62 92 1790 8991 1792 4156 577 50 52 53 50
leaf_count=56 62 92 1790 8991 1792 4156 577 50 52 53 50
internal_value=2.53936e-05 0.000202239 0.00123144 0.000776366 -0.0017443 -0.00198722 0.00856502 -0.0142396 -0.0110323 -0.00728155 0.0118868
internal_weight=17721 17504 11450 10781 6054 5948 669 217 155 103 106
internal_count=17721 17504 11450 10781 6054 5948 669 217 155 103 106
is_linear=0
shrinkage=0.03


Tree=16
num_leaves=11
num_cat=0
split_feature=36 19 0 15 15 25 5 3 26 0
split_gain=47.9041 38.6846 42.0154 53.3328 27.5005 27.2812 13.8435 8.05153 6.63594 4.51244
threshold=0.014050519093871118 1.7800000309944155 2.5000000000000004 64.500000000000014 62.500000000000007 0.62458553910255443 0.48999999463558203 1.4700000286102297 0.035432687029242523 3.5000000000000004
decision_type=2 2 2 2 2 2 2 2 2 2
left_child=1 2 5 -4 7 -1 -6 -3 -2 -10
right_child=8 4 3 -5 6 -7 -8 -9 9 -11
leaf_value=-0.00094195159580686848 -0.0046590216794845738 0.00033454537702967463 0.0010416902765309969 -0.00035524374371234761 -0.0016082932700558895 0.00049870578153788508 -0.0066211174737941681 -0.0045490374660697329 -0.0019419789739513634 -0.0050197955108729668
leaf_weight=3587 62 261 7125 4808 81 1351 209 82 85 70
leaf_count=3587 62 261 7125 4808 81 1351 209 82 85 70
internal_value=4.57085e-05 0.000219378 0.000492561 0.00145563 -0.00706161 -0.00183475 -0.0138621 -0.00131195 -0.0139631 -0.0106452
internal_weight=17721 17504 16871 11933 633 4938 290 343 217 155
internal_count=17721 17504 16871 11933 633 4938 290 343 217 155
is_linear=0
shrinkage=0.03


Tree=17
num_leaves=16
num_cat=0
split_feature=20 7 35 33 36 35 34 8 35 20 37 8 13 15 17
split_gain=46.541 72.1307 46.9563 47.1703 46.4673 43.7866 44.5875 35.4428 28.5618 31.1972 18.2911 17.4554 10.3552 10.3235 1.0026
threshold=0.83049997687339794 0.93214285373687755 1.6935814023017886 1.5273656249046328 0.01181360660120845 0.42890904843807226 0.013123217038810255 0.33107143640518194 0.41963517665863043 0.59450000524520885 3.5449351072311406 0.67249998450279247 -0.60785761475563038 62.500000000000007 22.575000762939457
decision_type=2 2 2 2 2 2 2 2 2 2 2 2 2 2 2
left_child=4 5 3 -3 8 6 -2 -7 11 -10 -4 -1 14 -14 -6
right_child=1 2 10 -5 12 7 -8 -9 9 -11 -12 -13 13 -15 -16
leaf_value=0.00022230964853289746 0.00071331798345781767 0.0028457628160422702 0.001487588694859706 -0.015626094951263995 -0.008868501670439722 -0.0050378405705753465 -0.0010326575592238623 -0.00065577799646836027 0.011709720317381517 -0.001865967505393475 -0.018327844728111435 0.0065470336147057887 -0.004664646833519517 -0.0026988520483934176 -0.009709431785622712
leaf_weight=607 3571 3980 66 158 54 121 1094 5044 113 2183 134 183 211 140 62
leaf_count=607 3571 3980 66 158 54 121 1094 5044 113 2183 134 183 211 140 62
internal_value=5.07872e-06 0.000774986 0.00399723 0.00468342 -0.00306502 -0.000646999 0.00145981 -0.00254985 -0.0017304 -0.00342334 -0.0102 0.00318987 -0.0118844 -0.00931624 -0.0196552
internal_weight=17721 14168 4338 4138 3553 9830 4665 5165 3086 2296 200 790 467 351 116
internal_count=17721 14168 4338 4138 3553 9830 4665 5165 3086 2296 200 790 467 351 116
is_linear=0
shrinkage=0.03


Tree=18
num_leaves=16
num_cat=0
split_feature=20 31 33 9 36 10 8 26 35 30 34 13 15 17 17
split_gain=46.2189 70.9959 48.2111 56.3907 46.279 37.6859 42.4893 26.8417 24.2853 20.2972 19.3157 10.7004 11.1828 6.50777 1.0026
threshold=0.83750000596046459 0.73488351702690136 1.5273656249046328 1.293035686016083 0.01181360660120845 0.98881101608276378 1.0364285707473757 0.051552008837461478 0.41551262140274053 0.024649415165185932 0.0058403739240020522 -0.60785761475563038 62.500000000000007 22.739999771118168 22.575000762939457
decision_type=2 2 2 2 2 2 2 2 2 2 2 2 2 2 2
left_child=4 5 3 -3 7 6 -2 10 -7 -9 -1 14 -13 -4 -6
right_child=1 2 13 -5 11 8 -8 9 -10 -11 -12 12 -14 -15 -16
leaf_value=0.002781739490257481 -0.00013171122865222298 0.0012540047546018744 -0.026892075758672796 0.01179828658281591 -0.0086024466203265294 -0.0078039482271751726 0.0021150508707462826 0.0051551339085308236 -0.0036853506281554122 0.00010140247736754765 -0.0017328606682267841 -0.004524707428513932 -0.0026178864869416149 -0.0053894087970771032 -0.009418148832054031
leaf_weight=205 9408 1158 50 657 54 55 2043 192 476 958 1955 211 140 97 62
leaf_count=205 9408 1158 50 657 54 55 2043 192 476 958 1955 211 140 97 62
internal_value=2.87794e-05 0.000826162 0.00611621 0.00745455 -0.00291501 -4.00601e-05 0.000322243 -0.00166767 -0.00785311 0.00203478 -0.00363889 -0.0117559 -0.0091453 -0.0104082 -0.0196552
internal_weight=17721 13944 1962 1815 3777 11982 11451 3310 531 1150 2160 467 351 147 116
internal_count=17721 13944 1962 1815 3777 11982 11451 3310 531 1150 2160 467 351 147 116
is_linear=0
shrinkage=0.03


Tree=19
num_leaves=16
num_cat=0
split_feature=20 2 36 35 11 37 7 10 35 20 37 36 13 15 17
split_gain=43.3773 65.339 45.9324 42.0727 37.4149 36.7981 28.0459 26.8206 26.6628 28.1036 18.0553 13.1137 11.0513 10.6088 1.0026
threshold=0.83750000596046459 0.80500000715255748 0.01181360660120845 1.6935814023017886 0.78571429848670971 0.2754227370023728 0.4435714334249497 0.32501055300235754 0.41963517665863043 0.59450000524520885 3.5449351072311406 0.0066998905967921027 -0.60785761475563038 62.500000000000007 22.575000762939457
decision_type=2 2 2 2 2 2 2 2 2 2 2 2 2 2 2
left_child=2 5 8 4 -3 7 -7 -2 11 -10 -5 -1 14 -14 -4
right_child=1 3 12 10 -6 6 -8 -9 9 -11 -12 -13 13 -15 -16
leaf_value=0.0002720616750743748 0.0015393922302787653 0.0014808967259562374 -0.0083443732217167322 0.0014665155303750519 0.0078145700785190956 -0.00094730152232658401 -6.1833680178321167e-05 -0.0014844382806725967 0.011410414527906875 -0.0016913994480110659 -0.017658239338095089 0.0043862650831316043 -0.0043889662056585139 -0.0025393498923333667 -0.0091356043670924106
leaf_weight=741 498 4753 54 66 337 2122 5925 110 113 2320 133 136 211 140 62
leaf_count=741 498 4753 54 66 337 2122 5925 110 113 2320 133 136 211 140 62
internal_value=3.21652e-05 0.000804647 -0.0028197 0.00343165 0.00396071 -0.000800693 -0.00133839 0.00631579 -0.00157704 -0.00319359 -0.0101005 0.00290764 -0.0116274 -0.00897436 -0.0196552
internal_weight=17721 13944 3777 5289 5090 8655 8047 608 3310 2433 199 877 467 351 116
internal_count=17721 13944 3777 5289 5090 8655 8047 608 3310 2433 199 877 467 351 116
is_linear=0
shrinkage=0.03


Tree=20
num_leaves=15
num_cat=0
split_feature=30 20 31 36 9 33 3 11 35 36 35 33 13 17
split_gain=42.7796 48.075 53.8644 40.4687 36.7666 64.7698 39.2022 34.173 32.9271 28.8424 19.9601 18.6601 11.0513 8.01656
threshold=0.072953157126903548 0.81949999928474437 0.74055987596511852 0.012477901764214041 1.1503571271896365 1.5273656249046328 2.5499999523162846 0.78571429848670971 0.34140628576278692 0.01181360660120845 0.90027335286140453 0.42384046316146856 -0.60785761475563038 22.739999771118168
decision_type=2 2 2 2 2 2 2 2 2 2 2 2 2 2
left_child=4 9 3 -3 6 10 8 -4 -1 11 -6 -2 -11 -7
right_child=1 2 7 -5 5 13 -8 -9 -10 12 -12 -13 -14 -15
leaf_value=0.0017672298326038708 0.00074290675245231247 -0.00055263317020746939 0.0018385881593794373 0.0015057777157003946 0.0032488489428434725 -0.027433863370083078 -0.00752529663193974 0.028999391147302257 0.00010397826693517118 -0.0082953463277115336 0.0088077528174111113 -0.0018226311175760955 -0.0035150331190758341 -0.005373870807373146
leaf_weight=607 329 6351 603 1047 544 55 67 126 5392 116 464 1561 351 108
leaf_count=607 329 6351 603 1047 544 55 67 126 5392 116 464 1561 351 108
internal_value=4.57085e-05 -0.00117894 -8.49022e-05 -0.000851582 0.00181981 0.00668659 0.000880317 0.00769547 0.00113519 -0.00495121 0.00952381 -0.00330159 -0.0116274 -0.0108589
internal_weight=17721 10484 8127 7398 7237 1171 6066 729 5999 2357 1008 1890 467 163
internal_count=17721 10484 8127 7398 7237 1171 6066 729 5999 2357 1008 1890 467 163
is_linear=0
shrinkage=0.03


Tree=21
num_leaves=16
num_cat=0
split_feature=12 20 36 2 34 35 10 33 20 9 35 9 37 13 13
split_gain=41.357 38.7117 40.2722 38.5018 36.4432 35.1161 32.5268 27.3653 27.0014 21.8612 23.9117 20.1129 17.491 14.557 10.1222
threshold=0.51785713434219371 0.85649999976158153 0.01181360660120845 0.97500002384185802 0.006203702650964261 1.5273656249046328 1.0251879096031191 0.99235436320304882 0.75049999356269848 1.5435714125633242 0.36464338004589086 1.0583928823471072 5.0703568458557138 1.0000000180025095e-35 -0.60785761475563038
decision_type=2 2 2 2 2 2 2 2 2 2 2 2 2 2 2
left_child=1 2 8 6 9 -5 -3 11 -1 10 -2 -6 -11 -9 -4
right_child=4 3 14 5 7 -7 -8 13 -10 12 -12 -13 -14 -15 -16
leaf_value=0.00014550528167824454 0.0040826705476155467 -0.00023494384303174556 -0.0085368941189192457 0.0019433998649370497 1.5784336210385795e-05 -0.0088637902341722613 -0.0059411233348285524 -0.011021963504655863 -0.0016265660317430083 0.024781902792968848 0.0011509767922759015 0.0036343613848360962 0.0040466231244706708 -0.00028199621635431881 -0.0034571546352374426
leaf_weight=1530 58 7560 111 2877 1360 298 94 197 1342 170 916 623 76 170 339
leaf_count=1530 58 7560 111 2877 1360 298 94 197 1342 170 916 623 76 170 339
internal_value=3.89369e-05 -0.000688997 -0.00352197 0.000180072 0.00292437 0.00295748 -0.000972041 0.000740426 -0.00221448 0.00713115 0.00511294 0.00213313 0.015122 -0.00678474 -0.0118667
internal_weight=17721 14151 3322 10829 3570 3175 7654 2350 2872 1220 974 1983 246 367 450
internal_count=17721 14151 3322 10829 3570 3175 7654 2350 2872 1220 974 1983 246 367 450
is_linear=0
shrinkage=0.03


Tree=22
num_leaves=16
num_cat=0
split_feature=30 20 31 36 28 10 7 11 20 31 36 10 33 15 15
split_gain=40.0043 44.4637 45.885 38.789 35.0585 36.7222 57.8373 32.7738 32.6341 60.7521 26.6549 20.2535 17.2737 9.63134 6.8462
threshold=0.072953157126903548 0.81949999928474437 0.74055987596511852 0.012477901764214041 0.069897400215268149 2.9779762029647832 1.1742857098579409 0.78571429848670971 0.78550001978874218 0.40399101376533514 0.01181360660120845 0.84621003270149242 0.42384046316146856 66.500000000000014 59.500000000000007
decision_type=2 2 2 2 2 2 2 2 2 2 2 2 2 2 2
left_child=4 10 3 -3 8 6 -6 -4 11 -10 12 -1 -2 -12 -7
right_child=1 2 7 -5 5 14 -8 -9 9 -11 13 -13 -14 -15 -16
leaf_value=0.00068605895450366829 0.00071625439142839571 -0.00053145548543108532 0.0017332785260523208 0.0014622847400342402 0.00050513925472290492 -0.0053814026970488366 0.0058130469116048945 0.027746796300281276 0.0004132893163756896 -0.0046352514703239525 -0.0045925602113578547 0.015738659330907925 -0.0017505266325695816 0.00054415215593147162 -0.022632241568084965
leaf_weight=528 329 6351 603 1047 4380 52 856 126 649 612 417 97 1561 50 63
leaf_count=528 329 6351 603 1047 4380 52 856 126 649 612 417 97 1561 50 63
internal_value=-1.18503e-05 -0.00119611 -0.000143965 -0.000851582 0.00170374 0.00294338 0.00331169 0.00703704 -0.00181336 -0.00459159 -0.00482393 0.003792 -0.0032381 -0.011242 -0.0138261
internal_weight=17721 10484 8127 7398 7237 5351 5236 729 1886 1261 2357 625 1890 467 115
internal_count=17721 10484 8127 7398 7237 5351 5236 729 1886 1261 2357 625 1890 467 115
is_linear=0
shrinkage=0.03


Tree=23
num_leaves=16
num_cat=0
split_feature=20 31 33 9 36 10 3 35 20 35 36 13 15 5 26
split_gain=38.919 52.9186 41.1152 43.3111 39.0037 33.3154 33.9795 24.751 23.5527 20.0377 12.8773 9.006 8.97753 5.61637 1.90438
threshold=0.83750000596046459 0.73488351702690136 1.5273656249046328 1.293035686016083 0.01181360660120845 0.98881101608276378 1.2200000286102297 0.40399101376533514 0.59450000524520885 0.41551262140274053 0.0066998905967921027 -0.60785761475563038 62.500000000000007 1.7500000000000002 0.03899818845093251
decision_type=2 2 2 2 2 2 2 2 2 2 2 2 2 2 2
left_child=4 5 3 -3 7 6 -2 10 -9 -7 -1 14 -13 -4 -6
right_child=1 2 13 -5 11 9 -8 8 -10 -11 -12 12 -14 -15 -16
leaf_value=0.0003014908050465345 -8.3541104016077522e-05 0.001140705685272973 -0.0041030800985172138 0.010967121372585806 -0.0086339370345309419 -0.0069822464888269721 0.0021392338183176315 0.010919998446566525 -0.0013894910297508195 -0.0033054922616025397 0.0042065371378708881 -0.0037178464639509253 -0.0021162269565932318 -0.018038833174851741 -0.0065992648182475319
leaf_weight=642 9918 1158 57 657 54 55 1533 113 2419 476 136 211 140 90 62
leaf_count=642 9918 1158 57 657 54 55 1533 113 2419 476 136 211 140 90 62
internal_value=-3.89369e-05 0.000692771 0.00525994 0.00649587 -0.00274027 -5.50826e-05 0.000285565 -0.00159517 -0.00303318 -0.00740113 0.00308483 -0.0108565 -0.00846154 -0.01 -0.0181034
internal_weight=17721 13944 1962 1815 3777 11982 11451 3310 2532 531 778 467 351 147 116
internal_count=17721 13944 1962 1815 3777 11982 11451 3310 2532 531 778 467 351 147 116
is_linear=0
shrinkage=0.03


Tree=24
num_leaves=16
num_cat=0
split_feature=19 30 20 7 28 15 3 10 10 33 30 34 30 5 34
split_gain=37.3656 33.452 35.0384 46.4897 29.1583 29.0362 28.7865 28.0078 23.7431 20.1839 6.70953 6.0577 9.64386 5.68889 3.74455
threshold=1.7800000309944155 0.072953157126903548 0.81949999928474437 0.87500000000000011 0.069897400215268149 60.500000000000007 2.5499999523162846 2.9779762029647832 0.3005946427583695 0.42384046316146856 0.096192639321088805 0.018220664933323864 0.11780798807740213 0.48999999463558203 0.006203702650964261
decision_type=2 2 2 2 2 2 2 2 2 2 2 2 2 2 2
left_child=1 4 9 -4 6 11 -1 -6 13 -3 -10 14 -13 -7 -2
right_child=5 2 3 -5 7 8 -8 -9 10 -11 -12 12 -14 -15 -16
leaf_value=-0.00023441401774027817 0.00049942314703258514 0.00064348749003870665 -0.00046827921872650305 0.0014868195644252831 0.00099486577604967932 0.00070131599535889978 -0.0069580042346314404 -0.014112163401192916 -0.0066988242094162482 -0.0021759649158281272 -0.0088437286826019233 0.0052748479962703215 -0.0012340206693378989 -0.0032515449413485901 -0.0013316494068226835
leaf_weight=1740 56 320 4743 3076 5090 64 66 103 125 1940 108 50 51 80 109
leaf_count=1740 56 320 4743 3076 5090 64 66 103 125 1940 108 50 51 80 109
internal_value=-3.89369e-05 0.000228364 -0.000878063 7.28993e-05 0.00182169 -0.00713841 -0.00146179 0.0029636 -0.0124934 -0.00416814 -0.018412 0.000451128 0.00623762 -0.00291667 -0.00309091
internal_weight=17721 17078 10079 7819 6999 643 1806 5193 377 2260 233 266 101 144 165
internal_count=17721 17078 10079 7819 6999 643 1806 5193 377 2260 233 266 101 144 165
is_linear=0
shrinkage=0.03


Tree=25
num_leaves=16
num_cat=0
split_feature=20 2 11 35 35 34 35 33 32 20 10 36 32 4 15
split_gain=34.816 47.9118 37.2539 55.8298 36.3633 38.2662 33.8289 31.8676 29.4906 23.6365 19.1858 12.8119 17.3903 7.08867 4.81928
threshold=0.83750000596046459 0.84499999880790722 0.78571429848670971 1.5273656249046328 0.42890904843807226 0.01350281434133649 0.41963517665863043 0.56767863035202037 0.0083131787832826393 0.59450000524520885 0.23217140138149264 0.0066998905967921027 0.074143465608358397 1.2699999809265139 64.500000000000014
decision_type=2 2 2 2 2 2 2 2 2 2 2 2 2 2 2
left_child=6 4 3 -3 5 -2 11 -4 -6 13 -11 12 -1 -8 -13
right_child=1 2 7 -5 8 -7 9 -9 -10 10 -12 14 -14 -15 -16
leaf_value=0.001510036129171952 0.00059215302289929281 0.0015839644724044983 -0.0025946268201307065 -0.0068054809410424749 -0.0034808898022724039 -0.0013082511427771545 0.014203377347706167 0.01010483524553322 -0.00054672110593267681 -0.0030692221951835121 -0.001737731087594222 0.0060159501933332634 -0.00088211793004673448 0.00089827204316901533 0.0019438830675735307
leaf_weight=502 3383 4320 57 628 350 820 61 280 4106 344 2443 83 239 52 53
leaf_count=502 3383 4320 57 628 350 820 61 280 4106 344 2443 83 239 52 53
internal_value=-4.23227e-05 0.000649742 0.00290066 0.00224333 -0.000724102 0.00127766 -0.0025973 0.0125519 -0.00261221 -0.00415862 -0.00470398 0.00256556 0.00101215 0.00929204 0.0110294
internal_weight=17721 13944 5285 4948 8659 4203 3777 337 4456 2900 2787 877 741 113 136
internal_count=17721 13944 5285 4948 8659 4203 3777 337 4456 2900 2787 877 741 113 136
is_linear=0
shrinkage=0.03


Tree=26
num_leaves=15
num_cat=0
split_feature=11 33 7 20 13 34 36 36 34 8 16 3 35 35
split_gain=33.8625 39.8303 33.9706 36.6413 19.4795 19.0667 17.6648 21.604 11.3143 13.2281 10.603 16.1421 11.1283 10.2514
threshold=0.21428572386503222 0.34483075141906744 0.4435714334249497 0.83250001072883617 1.0000000180025095e-35 0.01350281434133649 0.012477901764214041 0.012025096453726293 0.00073479171260260056 0.38500000536441809 1.1301500201225283 0.68999999761581432 0.40399101376533514 0.51640444993972789
decision_type=2 2 2 2 2 2 2 2 2 2 2 2 2 2
left_child=4 8 5 -4 6 -3 7 -1 -2 -10 12 -12 -6 -8
right_child=1 2 3 -5 10 -7 13 -9 9 -11 11 -13 -14 -15
leaf_value=-0.00019685821589399008 0.0063391887066381212 -0.00017030704094756532 -0.00087845326129792998 0.00074234582491998111 0.00098029067652239863 -0.0016292212183342566 0.0043657016936859191 -0.0048314682076429699 -0.00011928578911620944 0.0023112785798924348 -0.0014624802613922917 -0.00035343800116506216 -0.0031943164095696091 0.00095412062130832123
leaf_weight=3073 58 1165 2062 6998 54 700 65 191 154 457 827 1321 357 239
leaf_count=3073 58 1165 2062 6998 54 700 65 191 154 457 827 1321 357 239
internal_value=-3.21652e-05 0.000921166 0.000486041 0.00124503 -0.00183614 -0.00320107 -0.000403587 -0.00104779 0.00802691 0.00682488 -0.00383353 -0.00298883 -0.00824818 0.00651316
internal_weight=17721 11594 10925 9060 6127 1865 3568 3264 669 611 2559 2148 411 304
internal_count=17721 11594 10925 9060 6127 1865 3568 3264 669 611 2559 2148 411 304
is_linear=0
shrinkage=0.03


Tree=27
num_leaves=15
num_cat=0
split_feature=30 15 14 33 28 10 7 3 37 20 7 20 36 15
split_gain=34.1525 38.9148 54.4288 43.6062 31.9885 33.5746 47.3046 28.2669 20.9695 19.3988 15.5094 11.6043 6.80118 5.98823
threshold=0.072953157126903548 64.500000000000014 0.81174489855766307 1.4416679143905642 0.069897400215268149 2.9779762029647832 1.1742857098579409 2.5499999523162846 0.37828484177589422 0.78550001978874218 0.43142856657505041 0.75549998879432689 0.0049673004541546115 59.500000000000007
decision_type=2 2 2 2 2 2 2 2 2 2 2 2 2 2
left_child=4 2 3 -2 7 6 -6 9 12 -1 -10 -4 -3 -7
right_child=1 8 11 -5 5 13 -8 -9 10 -11 -12 -13 -14 -15
leaf_value=0.0022031654627981249 -0.00033735269436551129 -0.00022819998049151478 -0.00045696164706051951 0.029481486068094392 0.00043747763089854632 -0.0044601926108207195 0.0054233553167151363 -0.0066967134424079679 -0.0029872451966064086 -0.00099636684205909741 -0.0017298559680724791 0.0035291939276745122 0.0013138350575115235 -0.020806850370277401
leaf_weight=621 6838 85 100 118 4380 52 856 76 239 1189 2387 561 156 63
leaf_count=621 6838 85 100 118 4380 52 856 76 239 1189 2387 561 156 63
internal_value=-3.89369e-05 -0.00113316 -1.18157e-05 -0.00079356 0.00154622 0.00273033 0.00308251 -0.00181336 -0.00411231 -0.00106077 -0.00488957 0.00821483 0.00435685 -0.0133043
internal_weight=17721 10484 7617 6956 7237 5351 5236 1886 2867 1810 2626 661 241 115
internal_count=17721 10484 7617 6956 7237 5351 5236 1886 2867 1810 2626 661 241 115
is_linear=0
shrinkage=0.03


Tree=28
num_leaves=16
num_cat=0
split_feature=19 0 15 30 14 15 25 10 2 1 34 28 35 6 37
split_gain=32.9162 32.7368 45.3268 36.7992 27.2405 27.2214 24.7545 22.6651 15.2965 14.8522 6.6125 6.32621 5.89187 7.93167 4.85714
threshold=1.7800000309944155 2.5000000000000004 64.500000000000014 0.072953157126903548 0.81174489855766307 60.500000000000007 0.62458553910255443 0.3005946427583695 0.40500000119209295 4.6499998569488534 0.01147468062117696 0.13970532640814784 0.57084041833877575 1.0000000180025095e-35 0.51444745063781749
decision_type=2 2 2 2 2 2 2 2 2 2 2 2 2 2 2
left_child=1 6 4 -4 -3 12 9 10 -8 -1 -7 -9 14 -14 -2
right_child=5 2 3 -5 -6 7 8 11 -10 -11 -12 -13 13 -15 -16
leaf_value=-0.0009504791359930964 9.4191824452157362e-05 0.00060211668143843257 0.00068897632462393353 -0.0012803799568421987 0.00252862547057209 0.00052265710524376102 -0.00071802493978696867 -0.0061658713798450294 0.001232233047213398 0.017711942830175759 -0.0027703163140611687 -0.0075521644260309918 -0.00038481249156668466 0.0049021820820381928 -0.0036027474992024223
leaf_weight=3586 63 6133 2117 2753 1061 64 390 65 981 57 80 168 97 50 56
leaf_count=3586 63 6133 2117 2753 1061 64 390 65 981 57 80 168 97 50 56
internal_value=-8.46453e-06 0.000242417 0.00108919 -0.00114579 0.00260217 -0.00667185 -0.00179497 -0.0118568 0.00164114 -0.00308811 -0.0025 -0.0176395 0.000676692 0.00469388 -0.00428571
internal_weight=17721 17078 12064 4870 7194 643 5014 377 1371 3643 144 233 266 147 119
internal_count=17721 17078 12064 4870 7194 643 5014 377 1371 3643 144 233 266 147 119
is_linear=0
shrinkage=0.03


Tree=29
num_leaves=16
num_cat=0
split_feature=19 0 15 30 15 14 25 10 1 2 34 34 30 28 34
split_gain=32.4496 30.8011 41.3908 34.1352 25.576 25.5376 22.7334 21.9006 14.7236 13.6101 6.6125 6.0577 9.64386 5.92287 3.74455
threshold=1.7800000309944155 2.5000000000000004 64.500000000000014 0.072953157126903548 60.500000000000007 0.81174489855766307 0.62458553910255443 0.3005946427583695 4.6499998569488534 0.40500000119209295 0.01147468062117696 0.018220664933323864 0.11780798807740213 0.13970532640814784 0.006203702650964261
decision_type=2 2 2 2 2 2 2 2 2 2 2 2 2 2 2
left_child=1 6 5 -4 11 -3 8 10 -1 -8 -6 14 -13 -9 -2
right_child=4 2 3 -5 7 -7 9 13 -10 -11 -12 12 -14 -15 -16
leaf_value=-0.00092196476191330366 0.00045513464610772651 0.0005840531809952796 0.00066830703488521563 -0.0012419685581369327 0.0005069773920864482 0.0024527667064549274 -0.00069648419159335959 -0.0059808952384496784 0.017180584545270484 0.0011952660557969959 -0.0026872068246393335 0.0047551166195770479 -0.00091745136404345446 -0.0073255994932500627 -0.0012086192360277418
leaf_weight=3586 56 6133 2117 2753 64 1061 390 65 57 981 80 50 51 168 109
leaf_count=3586 56 6133 2117 2753 64 1061 390 65 57 981 80 50 51 168 109
internal_value=-5.58659e-05 0.000193231 0.00101459 -0.00112115 -0.00667185 0.00246038 -0.00178301 -0.0116976 -0.00302223 0.00150985 -0.0025 0.000451128 0.00623762 -0.017382 -0.00309091
internal_weight=17721 17078 12064 4870 643 7194 5014 377 3643 1371 144 266 101 233 165
internal_count=17721 17078 12064 4870 643 7194 5014 377 3643 1371 144 266 101 233 165
is_linear=0
shrinkage=0.03


Tree=30
num_leaves=16
num_cat=0
split_feature=11 33 7 20 13 35 9 37 29 16 3 35 36 20 3
split_gain=32.1463 38.2986 31.0574 35.2735 17.8036 18.5857 18.4725 17.6145 15.2949 10.4653 15.1184 10.8737 10.4303 13.9618 8.03398
threshold=0.21428572386503222 0.34483075141906744 0.4435714334249497 0.83250001072883617 1.0000000180025095e-35 1.0900219082832339 1.366071403026581 0.2754227370023728 0.6951735019683839 1.1301500201225283 0.68999999761581432 0.40399101376533514 0.0011035432689823212 0.90749999880790722 0.3900000005960465
decision_type=2 2 2 2 2 2 2 2 2 2 2 2 2 2 2
left_child=4 12 7 -4 5 6 -1 -3 -7 11 -11 -6 14 -14 -2
right_child=1 2 3 -5 9 8 -8 -9 -10 10 -12 -13 13 -15 -16
leaf_value=-0.00026140236689020901 0.0066243221409378415 0.00099873984253277923 -0.00082330683178886423 0.00070723010630702426 0.0010085695898334357 0.003775857408487899 0.0049658001096917715 -0.0010950462585834818 -0.010230658191126533 -0.0013817571493013807 -0.00031261696208950267 -0.003070430547842451 -0.00098841128738690618 0.0019481840225886841 0.0013941574350916103
leaf_weight=2912 70 288 2062 6998 54 54 416 1577 186 827 1321 357 100 425 74
leaf_count=2912 70 288 2062 6998 54 54 416 1577 186 827 1321 357 100 425 74
internal_value=-4.90943e-05 0.000879765 0.000453089 0.00117881 -0.00180676 -0.00043722 0.000144231 -0.00307239 -0.0085 -0.0037163 -0.00287709 -0.00810219 0.00784753 0.00588571 0.015
internal_weight=17721 11594 10925 9060 6127 3568 3328 1865 240 2559 2148 411 669 525 144
internal_count=17721 11594 10925 9060 6127 3568 3328 1865 240 2559 2148 411 669 525 144
is_linear=0
shrinkage=0.03


Tree=31
num_leaves=16
num_cat=0
split_feature=12 20 7 35 35 35 20 34 33 11 26 36 13 32 30
split_gain=31.3706 29.7969 30.5324 37.6438 32.0919 30.3952 29.1758 27.4602 26.0184 21.6086 20.6174 18.6323 13.2263 11.8069 11.0291
threshold=0.51785713434219371 0.85150000452995311 0.93214285373687755 0.49351923167705541 1.5273656249046328 0.41963517665863043 0.59450000524520885 0.0037851262604817752 0.99235436320304882 0.78571429848670971 0.030451830476522449 0.0066998905967921027 1.0000000180025095e-35 0.025012743659317497 0.049754345789551742
decision_type=2 2 2 2 2 2 2 2 2 2 2 2 2 2 2
left_child=1 5 3 -3 -4 11 -7 9 10 14 -9 -1 -10 -11 -2
right_child=7 2 4 -5 -6 6 -8 8 12 13 -12 -13 -14 -15 -16
leaf_value=-4.0676569412284672e-06 0.0029605682661470612 0.0001053861536307224 0.0018953148126822851 -0.0012392055212065206 -0.0083094414949596331 0.010904562054823911 -0.0022921151415009494 -0.0019316273091921771 -0.010648225961399884 0.0037617443098690588 0.0011427194811772401 0.0046357505951257561 1.4784594817616692e-05 0.03281042369915551 0.00011363529711789083
leaf_weight=682 121 5587 2661 2405 309 96 2285 263 197 86 2414 126 170 96 223
leaf_count=682 121 5587 2661 2405 309 96 2285 263 197 86 2414 126 170 96 223
internal_value=-5.92517e-05 -0.000693237 4.92611e-05 -0.000915916 0.00264646 -0.00324553 -0.0049517 0.00245378 0.00136005 0.00878327 0.002387 0.00178218 -0.00613079 0.0171429 0.00436047
internal_weight=17721 14151 10962 7992 2970 3189 2381 3570 3044 526 2677 808 367 182 344
internal_count=17721 14151 10962 7992 2970 3189 2381 3570 3044 526 2677 808 367 182 344
is_linear=0
shrinkage=0.03


Tree=32
num_leaves=15
num_cat=0
split_feature=19 0 15 30 17 15 37 25 37 4 8 35 6 37
split_gain=30.4513 30.3001 39.1184 30.2852 25.0705 24.2533 20.7121 20.5373 14.1038 13.9063 8.33749 5.36842 6.69031 4.85714
threshold=1.7800000309944155 2.5000000000000004 64.500000000000014 0.072953157126903548 23.095000267028812 60.500000000000007 0.49188494682312017 0.62458553910255443 0.3142459243535996 2.8500000238418584 1.6964285969734194 0.57084041833877575 1.0000000180025095e-35 0.51444745063781749
decision_type=2 2 2 2 2 2 2 2 2 2 2 2 2 2
left_child=1 7 4 -4 -3 11 -7 8 -1 -9 -8 13 -13 -2
right_child=5 2 3 -5 -6 6 10 9 -10 -11 -12 12 -14 -15
leaf_value=0.00036205451893632501 9.7493496949508437e-05 0.0014866718769309872 0.00063718948170722774 -0.0012201087409588419 0.00033488234223059136 0.00027167186355492496 -0.0045093913275728861 0.00013090902806558912 -0.0010028232845572663 0.0074648389477252192 -0.025398149630975003 -0.00027343319655247483 0.0046795977983025002 -0.003455218055662851
leaf_weight=358 63 3057 2117 2753 4137 88 239 1258 3285 113 50 97 50 56
leaf_count=358 63 3057 2117 2753 4137 88 239 1258 3285 113 50 97 50 56
internal_value=-7.61808e-05 0.000165125 0.000979775 -0.00109651 0.00238532 -0.00648523 -0.0113793 -0.00179497 -0.00297282 0.00133479 -0.0152595 0.000451128 0.00428571 -0.00428571
internal_weight=17721 17078 12064 4870 7194 643 377 5014 3643 1371 289 266 147 119
internal_count=17721 17078 12064 4870 7194 643 377 5014 3643 1371 289 266 147 119
is_linear=0
shrinkage=0.03


Tree=33
num_leaves=15
num_cat=0
split_feature=19 0 15 30 14 15 25 37 4 37 8 34 30 34
split_gain=29.6345 28.5839 37.9139 27.5291 24.2535 22.0746 19.7596 19.6903 13.9063 13.696 7.20422 5.31073 8.43594 3.74455
threshold=1.7800000309944155 2.5000000000000004 64.500000000000014 0.072953157126903548 0.81174489855766307 60.500000000000007 0.62458553910255443 0.49188494682312017 2.8500000238418584 0.3142459243535996 1.6964285969734194 0.018220664933323864 0.11780798807740213 0.006203702650964261
decision_type=2 2 2 2 2 2 2 2 2 2 2 2 2 2
left_child=1 6 4 -4 -3 11 9 -7 -8 -1 -9 13 -13 -2
right_child=5 2 3 -5 -6 7 8 10 -10 -11 -12 12 -14 -15
leaf_value=0.00035119288336823529 0.00044125374208186532 0.00052794724473936893 0.0006180737972560109 -0.0011835054787300767 0.0023887202768838318 0.00026352170764827728 0.00012698175722362145 -0.0043741095877456995 0.0072408937792934622 -0.00097273858602054829 -0.024636205142045755 0.0044410166444793136 -0.00074125304480936345 -0.0010527448548300392
leaf_weight=358 56 6133 2117 2753 1061 88 1258 239 113 3285 50 50 51 109
leaf_count=358 56 6133 2117 2753 1061 88 1258 239 113 3285 50 50 51 109
internal_value=-6.94092e-05 0.000168638 0.000959881 -0.00108419 0.00234362 -0.00639191 -0.00173514 -0.011061 0.00133479 -0.00289047 -0.0148443 0.000225564 0.00564356 -0.00309091
internal_weight=17721 17078 12064 4870 7194 643 5014 377 1371 3643 289 266 101 165
internal_count=17721 17078 12064 4870 7194 643 5014 377 1371 3643 289 266 101 165
is_linear=0
shrinkage=0.03


Tree=34
num_leaves=15
num_cat=0
split_feature=19 7 35 20 35 35 34 13 15 37 8 34 30 34
split_gain=30.7416 28.828 54.6543 43.435 38.8525 32.0946 25.0595 22.0616 21.2011 19.6903 7.20422 4.6129 7.30881 3.74455
threshold=1.7800000309944155 0.93214285373687755 0.42890904843807226 0.86849999427795421 1.6935814023017886 1.0132819116115572 0.013123217038810255 1.0000000180025095e-35 60.500000000000007 0.49188494682312017 1.6964285969734194 0.018220664933323864 0.11780798807740213 0.006203702650964261
decision_type=2 2 2 2 2 2 2 2 2 2 2 2 2 2
left_child=1 2 6 5 -5 -3 -1 -4 11 -10 -11 13 -13 -2
right_child=8 3 7 4 -6 -7 -8 -9 9 10 -12 12 -14 -15
leaf_value=0.00064401063669703655 0.00042801612981940932 0.0005891932504660741 -0.00033467446481522822 0.002629274670778961 -0.0091396245422261033 -0.0045022583429657195 -0.00042487548335859828 -0.0013851618464281207 0.00025561605641882888 -0.0042428863001133278 -0.023897118987784384 0.0043077861451449343 -0.00071901545346508258 -0.0010211625091851382
leaf_weight=3860 56 1258 3578 3636 192 698 1386 2470 88 239 50 50 51 109
leaf_count=3860 56 1258 3578 3636 192 698 1386 2470 88 239 50 50 51 109
internal_value=-4.57085e-05 0.000196744 -0.00068532 0.00191909 0.00377743 -0.00171779 0.00155547 -0.00262897 -0.00648523 -0.011061 -0.0148443 0 0.0050495 -0.00309091
internal_weight=17721 17078 11294 5784 3828 1956 5246 6048 643 377 289 266 101 165
internal_count=17721 17078 11294 5784 3828 1956 5246 6048 643 377 289 266 101 165
is_linear=0
shrinkage=0.03


Tree=35
num_leaves=14
num_cat=0
split_feature=19 2 35 34 31 11 34 35 15 37 8 2 20
split_gain=30.8063 26.5577 42.5291 39.6382 31.9427 24.3308 22.3749 19.8597 19.752 19.1891 5.88962 4.09108 5.53637
threshold=1.7800000309944155 0.84499999880790722 0.42890904843807226 0.0067107360810041436 0.88245674967765819 0.78571429848670971 0.013123217038810255 0.82815513014793407 60.500000000000007 0.49188494682312017 1.6964285969734194 1.4950000047683718 0.99950000643730175
decision_type=2 2 2 2 2 2 2 2 2 2 2 2 2
left_child=1 2 6 5 -5 -3 -1 -4 11 -10 -11 12 -2
right_child=8 3 7 4 -6 -7 -8 -9 9 10 -12 -13 -14
leaf_value=0.00055275105371209931 0.00035690149046839514 0.002472703429325717 -0.00091244447888854416 0.00062885316626634451 -0.0039137255579462073 0.0090147389482349953 -0.00049302683997231103 0.0032341718812316914 0.00024794757472626402 -0.0041155997111099281 -0.023180205418150846 0.0027657500746730351 -0.0016485182360318896
leaf_weight=3470 91 1146 5043 5077 511 212 1314 305 88 239 50 70 105
leaf_count=3470 91 1146 5043 5077 511 212 1314 305 88 239 50 70 105
internal_value=-3.89369e-05 0.000203771 -0.00077576 0.00163259 0.00051539 0.00622975 0.00127926 -0.00261406 -0.00648523 -0.0109019 -0.0146367 -0.000225564 -0.00244898
internal_weight=17721 17078 10132 6946 5588 1358 4784 5348 643 377 289 266 196
internal_count=17721 17078 10132 6946 5588 1358 4784 5348 643 377 289 266 196
is_linear=0
shrinkage=0.03


Tree=36
num_leaves=13
num_cat=0
split_feature=19 12 35 26 20 7 35 15 37 8 2 20
split_gain=28.0342 26.29 24.5701 25.9086 22.786 33.1501 27.1726 18.0248 17.7242 6.69922 4.09108 5.53637
threshold=1.7800000309944155 0.51785713434219371 1.6935814023017886 0.030451830476522449 0.85150000452995311 0.93214285373687755 0.41963517665863043 60.500000000000007 0.49188494682312017 1.6964285969734194 1.4950000047683718 0.99950000643730175
decision_type=2 2 2 2 2 2 2 2 2 2 2 2
left_child=1 4 3 -3 6 -6 -1 10 -9 -10 11 -2
right_child=7 2 -4 -5 5 -7 -8 8 9 -11 -12 -13
leaf_value=0.00078906491016037005 0.00034619444575434329 -0.0018899772348481697 -0.011027828619727655 0.0013962040111696471 -0.00020163801800562796 0.0016250807309464359 -0.0018248785349760553 0.00024050914748447613 -0.0039921317197766301 -0.022484799255606328 0.0026827775724328445 -0.001599062688950933
leaf_weight=764 91 316 69 3087 7716 2835 2291 88 239 50 70 105
leaf_count=764 91 316 69 3087 7716 2835 2291 88 239 50 70 105
internal_value=-5.58659e-05 0.000175665 0.00250576 0.00286512 -0.000418933 0.000241683 -0.00270049 -0.00620529 -0.0104244 -0.0140138 -0.000225564 -0.00244898
internal_weight=17721 17078 3472 3403 13606 10551 3055 643 377 289 266 196
internal_count=17721 17078 3472 3403 13606 10551 3055 643 377 289 266 196
is_linear=0
shrinkage=0.03


Tree=37
num_leaves=14
num_cat=0
split_feature=26 35 7 20 30 35 26 35 2 10 3 3 14
split_gain=25.8476 36.534 31.2924 43.0429 40.4951 31.6699 31.8748 25.7535 20.8863 18.2049 15.3456 16.7954 10.6149
threshold=0.034657223150134094 0.49226060509681707 0.93214285373687755 0.86849999427795421 0.11780798807740213 0.28965483605861669 0.037919048219919212 1.0132819116115572 0.78999999165534984 1.6788038015365603 1.3499999642372134 0.60500001907348644 0.81174489855766307
decision_type=2 2 2 2 2 2 2 2 2 2 2 2 2
left_child=1 10 5 7 -5 -2 -7 -4 12 -10 11 -1 -3
right_child=2 8 3 4 -6 6 -8 -9 9 -11 -12 -13 -14
leaf_value=0.00016064554846593795 0.0044710433233328241 -0.0023812527340236257 0.00060988448039295403 0.0042788245599496419 0.00056154630159335078 0.00072426551184598886 -0.00038878184889137 -0.0043147626332861793 -0.00060704988310002065 -0.017249726666862281 -0.0056405876338471968 0.0027361497530335554 -5.6197022185900379e-05
leaf_weight=843 95 677 1076 1737 1470 1752 7673 544 1373 91 57 221 112
leaf_count=843 95 677 1076 1737 1470 1752 7673 544 1373 91 57 221 112
internal_value=-5.58659e-05 -0.00241849 0.000499756 0.00246737 0.00448082 -0.000497899 -0.000671618 -0.00151852 -0.00462051 -0.0025 0.00200714 0.00281955 -0.00855513
internal_weight=17721 3374 14347 4827 3207 9520 9425 1620 2253 1464 1121 1064 789
internal_count=17721 3374 14347 4827 3207 9520 9425 1620 2253 1464 1121 1064 789
is_linear=0
shrinkage=0.03


Tree=38
num_leaves=14
num_cat=0
split_feature=26 35 7 20 34 35 26 35 2 10 3 3 14
split_gain=26.1636 33.3648 29.3468 40.9273 38.479 29.2798 30.0392 24.007 20.9272 16.6231 14.9153 14.2156 10.4271
threshold=0.034657223150134094 0.49226060509681707 0.93214285373687755 0.86849999427795421 0.0063175817485898742 0.28965483605861669 0.037919048219919212 1.0132819116115572 0.78999999165534984 1.6788038015365603 1.3499999642372134 0.60500001907348644 0.81174489855766307
decision_type=2 2 2 2 2 2 2 2 2 2 2 2 2
left_child=1 10 5 7 -5 -2 -7 -4 12 -10 11 -1 -3
right_child=2 8 3 4 -6 6 -8 -9 9 -11 -12 -13 -14
leaf_value=0.00015582618201195981 0.0043369120236328397 -0.0023098151520029165 0.00059158794598116534 0.0071357046837698486 0.0016457028920709377 0.0007025375464906091 -0.00037711839342462883 -0.0041853197542875932 -0.00058883838660702 -0.016732234866856415 -0.0054713700048317814 0.0026540652604425488 -5.4511111520323372e-05
leaf_weight=843 95 677 1076 655 2552 1752 7673 544 1373 91 57 221 112
leaf_count=843 95 677 1076 655 2552 1752 7673 544 1373 91 57 221 112
internal_value=-5.92517e-05 -0.00243628 0.000499756 0.00240522 0.00436857 -0.000466387 -0.000633422 -0.00148148 -0.00454061 -0.00241803 0.00179304 0.00259398 -0.00847909
internal_weight=17721 3374 14347 4827 3207 9520 9425 1620 2253 1464 1121 1064 789
internal_count=17721 3374 14347 4827 3207 9520 9425 1620 2253 1464 1121 1064 789
is_linear=0
shrinkage=0.03


Tree=39
num_leaves=15
num_cat=0
split_feature=19 2 35 20 11 14 34 33 15 5 3 33 8 34
split_gain=26.9472 24.9498 36.7017 35.9636 32.4257 26.8033 20.0802 19.8403 18.8772 10.4625 6.52936 6.46258 5.66551 4.09424
threshold=1.7800000309944155 0.84499999880790722 0.42890904843807226 0.81549999117851268 0.78571429848670971 -0.56174489110708226 0.013123217038810255 0.60426822304725658 62.500000000000007 0.5900000035762788 1.4700000286102297 0.65283098816871654 0.61571428179740917 0.021051376126706604
decision_type=2 2 2 2 2 2 2 2 2 2 2 2 2 2
left_child=1 2 6 5 -5 -3 -1 -4 10 12 11 -2 -10 -11
right_child=8 3 7 4 -6 -7 -8 -9 9 13 -12 -13 -14 -15
leaf_value=0.0005104449723740324 -0.00034315751043352609 0.0023209420415861814 -0.0010457869184345031 0.0010664369531203136 0.0064830404350132162 -0.0024257984067897306 -0.00047009422895858034 5.8629062561165779e-05 0.00066687209461039276 -0.0063860098948067346 -0.0027773332891806997 0.0031719158553467509 -0.0034590013637519294 -0.0040898515274109442
leaf_weight=3470 207 465 3694 4882 336 1263 1314 1654 53 114 82 59 51 77
leaf_count=3470 207 465 3694 4882 336 1263 1314 1654 53 114 82 59 51 77
internal_value=-8.29524e-05 0.000144045 -0.000805369 0.00152894 0.00277118 -0.00222222 0.00110368 -0.00251309 -0.00611198 -0.0116949 -0.00137931 0.000902256 -0.00403846 -0.0158639
internal_weight=17721 17078 10132 6946 5218 1728 4784 5348 643 295 348 266 104 191
internal_count=17721 17078 10132 6946 5218 1728 4784 5348 643 295 348 266 104 191
is_linear=0
shrinkage=0.03


Tree=40
num_leaves=13
num_cat=0
split_feature=11 33 1 37 17 20 27 20 33 25 28 6
split_gain=25.8235 30.7494 26.7513 27.9195 18.2669 15.9269 16.7211 24.8446 12.4164 9.69523 9.82713 6.30022
threshold=0.21428572386503222 0.34483075141906744 4.9500000476837167 4.376631736755372 22.505000114440922 0.57150000333786022 0.56038483977317821 0.69400000572204601 0.41231869161129003 0.59616154432296764 0.13970532640814784 1.0000000180025095e-35
decision_type=2 2 2 2 2 2 2 2 2 2 2 2
left_child=5 9 3 -3 -4 -1 8 -8 -7 11 -11 -2
right_child=1 2 4 -5 -6 6 7 -9 -10 10 -12 -13
leaf_value=0.0051952654408567783 -0.00062180718504429818 0.0001049022595108606 5.2384376561845669e-05 -0.017591989810866595 0.034070721967342461 -0.00021671775661626688 -0.0038579491377848008 -0.00012038658373615129 -0.00187429857908085 0.0033978668670460303 0.0013077268109323256 0.0013406308552648923
leaf_weight=79 82 10557 80 164 124 429 335 4475 809 196 302 89
leaf_count=79 82 10557 80 164 124 429 335 4475 809 196 302 89
internal_value=-3.5551e-05 0.000796964 0.000414645 0.000209868 0.0111765 -0.0016109 -0.00178571 -0.000985447 -0.00489499 0.00704036 0.00915663 0.000877193
internal_weight=17721 11594 10925 10721 204 6127 6048 4810 1238 669 498 171
internal_count=17721 11594 10925 10721 204 6127 6048 4810 1238 669 498 171
is_linear=0
shrinkage=0.03


Tree=41
num_leaves=13
num_cat=0
split_feature=12 20 36 30 35 20 35 5 34 36 32 17
split_gain=25.0863 22.4632 26.0964 31.1543 22.1646 26.6655 21.4553 24.7895 19.6572 18.0428 17.1046 9.14267
threshold=0.51785713434219371 0.8555000126361848 0.012477901764214041 0.11780798807740213 0.41963517665863043 0.59450000524520885 1.6935814023017886 3.9500000476837163 0.029375399462878708 0.0066998905967921027 0.041142912581563003 22.505000114440922
decision_type=2 2 2 2 2 2 2 2 2 2 2 2
left_child=1 4 3 -3 9 -6 7 10 -4 -1 -2 -9
right_child=6 2 8 -5 5 -7 -8 11 -10 -11 -12 -13
leaf_value=-5.0059685736821957e-05 0.0016780918724291502 0.0002269382827308802 0.00095569979542058916 -0.00075586007172782368 0.010413260003880268 -0.0019799291115635389 -0.009749370248566069 0.0053461818345728425 0.0036135112700195105 0.0044172255799702111 -3.8447102561236962e-05 0.034245855014000584
leaf_weight=698 1696 6298 868 3601 96 2315 69 52 149 126 1660 93
leaf_count=698 1696 6298 868 3601 96 2315 69 52 149 126 1660 93
internal_value=-2.87794e-05 -0.000595718 5.49652e-05 -0.000415193 -0.00279134 -0.00424305 0.00221849 0.00254499 0.00463127 0.00145631 0.00202026 0.0146897
internal_weight=17721 14151 10916 9899 3235 2411 3570 3501 1017 824 3356 145
internal_count=17721 14151 10916 9899 3235 2411 3570 3501 1017 824 3356 145
is_linear=0
shrinkage=0.03


Tree=42
num_leaves=11
num_cat=0
split_feature=1 2 37 0 15 25 35 26 37 2
split_gain=24.8003 30.7259 30.072 23.5432 38.1549 17.8941 11.5048 5.23487 5.3171 3.17647
threshold=4.9500000476837167 7.4500000476837167 4.6871931552886972 2.5000000000000004 64.500000000000014 0.63555103540420543 1.6160821318626406 0.040196631103754051 4.6871931552886972 6.1499998569488534
decision_type=2 2 2 2 2 2 2 2 2 2
left_child=2 7 3 5 -5 -1 9 -2 -9 -4
right_child=1 -3 6 4 -6 -7 -8 8 -10 -11
leaf_value=-0.00075551378756418919 0.016130015335463516 -0.010585252466858841 -0.00072304827790406793 0.00069029019599203714 -0.00046964797565193523 0.00035191044761725059 -0.022326429593443598 0.02502198922327235 0.022878708574656594 -0.024471944708823041
leaf_weight=4039 53 78 51 7286 4903 1062 58 61 79 51
leaf_count=4039 53 78 51 7286 4903 1062 58 61 79 51
internal_value=-3.89369e-05 0.00896679 -0.000178797 -5.89936e-05 0.00065715 -0.00177024 -0.013125 0.0153886 0.0184286 -0.00705882
internal_weight=17721 271 17450 17290 12189 5101 160 193 140 102
internal_count=17721 271 17450 17290 12189 5101 160 193 140 102
is_linear=0
shrinkage=0.03


Tree=43
num_leaves=13
num_cat=0
split_feature=11 33 9 36 7 20 27 20 33 13 7 25
split_gain=23.8264 29.3556 28.1819 39.7341 15.9835 15.7874 16.3211 21.8662 11.8398 9.22551 9.29292 8.15194
threshold=0.21428572386503222 0.34483075141906744 1.1589285731315615 0.007147272815927864 0.4435714334249497 0.57150000333786022 0.56038483977317821 0.69400000572204601 0.41231869161129003 1.0000000180025095e-35 0.39071428775787359 0.59616154432296764
decision_type=2 2 2 2 2 2 2 2 2 2 2 2
left_child=5 9 4 -4 -3 -1 8 -8 -7 11 -11 -2
right_child=1 2 3 -5 -6 6 7 -9 -10 10 -12 -13
leaf_value=0.0050549987074727382 0.00083448437247909415 -0.0007727658217337852 0.004248314246277805 -0.00010255557498387483 5.9361169177304764e-05 -0.00017345098249638616 -0.0037912295964877907 -0.00012168202331135818 -0.0018094844875714607 -0.0015228850494591179 0.0016434058804474521 0.0034978615191502355
leaf_weight=79 105 1860 1230 1489 6346 429 335 4475 809 74 195 295
leaf_count=79 105 1860 1230 1489 6346 429 335 4475 809 74 195 295
internal_value=-3.89369e-05 0.000760738 0.000387185 0.0030342 -0.000489885 -0.00155215 -0.00172619 -0.000935551 -0.00479806 0.00686099 0.00256506 0.00975
internal_weight=17721 11594 10925 2719 8206 6127 6048 4810 1238 669 269 400
internal_count=17721 11594 10925 2719 8206 6127 6048 4810 1238 669 269 400
is_linear=0
shrinkage=0.03


Tree=44
num_leaves=15
num_cat=0
split_feature=26 3 34 34 35 26 35 2 17 16 17 3 35 14
split_gain=24.2965 28.6205 44.8249 40.709 27.7202 25.5592 22.6122 19.2274 16.3431 15.0615 13.7459 12.3974 11.2556 10.6234
threshold=0.034657223150134094 1.1749999523162844 0.0062579307705163964 0.017437067814171318 0.49226060509681707 0.037919048219919212 0.34099149703979498 0.78999999165534984 22.505000114440922 1.1300500035285952 22.125000000000004 1.3499999642372134 0.48226188123226171 0.81174489855766307
decision_type=2 2 2 2 2 2 2 2 2 2 2 2 2 2
left_child=4 5 8 -4 11 10 -7 13 -3 -9 -2 12 -1 -6
right_child=1 2 3 -5 7 6 -8 9 -10 -11 -12 -13 -14 -15
leaf_value=0.00019004952801463437 -0.00052700963078242981 0.00093100244508226174 -0.00076421530783684082 0.0032056729865223431 -0.0021447824838458597 0.00076627483347200111 -0.00043583906271478208 -0.0032093862726920966 0.0082034467401426812 -3.344782929736222e-05 0.0011438089880543159 -0.0052129795437270525 0.0032600917721153752 0.00011685099498294422
leaf_weight=932 515 170 1838 1258 677 843 7783 488 459 976 1481 57 132 112
leaf_count=932 515 170 1838 1258 677 843 7783 488 459 976 1481 57 132 112
internal_value=-3.89369e-05 0.000499756 0.00276242 0.00127907 -0.00232958 -0.00029373 -0.00100162 -0.00424767 0.0100636 -0.00221311 0.00276553 0.00152542 0.00225564 -0.00802281
internal_weight=17721 14347 3725 3096 3374 10622 8626 2253 629 1464 1996 1121 1064 789
internal_count=17721 14347 3725 3096 3374 10622 8626 2253 629 1464 1996 1121 1064 789
is_linear=0
shrinkage=0.03


Tree=45
num_leaves=11
num_cat=0
split_feature=1 2 37 0 15 25 35 34 13 2
split_gain=23.505 29.8756 26.7791 21.6972 34.5013 17.0538 8.83585 5.9061 4.4 3.17647
threshold=4.9500000476837167 7.4500000476837167 4.6871931552886972 2.5000000000000004 64.500000000000014 0.63555103540420543 1.6160821318626406 0.011756666935980322 1.0000000180025095e-35 6.1499998569488534
decision_type=2 2 2 2 2 2 2 2 2 2
left_child=2 7 3 5 -5 -1 9 8 -2 -4
right_child=1 -3 6 4 -6 -7 -8 -9 -10 -11
leaf_value=-0.00071722322084809297 0.021603364191470881 -0.010300953194058932 -0.00067607893865329733 0.00064893940897949606 -0.00045517626930819278 0.00033478312105209707 -0.02164159509133376 0.011253259823818904 0.039293931180044844 -0.023711209447623904
leaf_weight=4039 55 78 51 7286 4903 1062 58 83 55 51
leaf_count=4039 55 78 51 7286 4903 1062 58 83 55 51
internal_value=-2.20078e-05 0.00874539 -0.000158166 -4.51128e-05 0.000642382 -0.0016879 -0.012375 0.0150777 0.0196364 -0.00705882
internal_weight=17721 271 17450 17290 12189 5101 160 193 110 102
internal_count=17721 271 17450 17290 12189 5101 160 193 110 102
is_linear=0
shrinkage=0.03


Tree=46
num_leaves=11
num_cat=0
split_feature=1 2 37 2 37 20 35 34 13 2
split_gain=24.5956 27.823 26.8545 20.8695 31.7367 28.4513 8.83585 5.9061 4.4 3.17647
threshold=4.9500000476837167 7.4500000476837167 4.6871931552886972 0.5900000035762788 0.32136431336402899 0.85050001740455639 1.6160821318626406 0.011756666935980322 1.0000000180025095e-35 6.1499998569488534
decision_type=2 2 2 2 2 2 2 2 2 2
left_child=2 7 3 4 -1 -5 9 8 -2 -4
right_child=1 -3 6 5 -6 -7 -8 -9 -10 -11
leaf_value=0.00042416094159919708 0.020955263265726755 -0.0099919245982371639 -0.00065579657049369866 -0.00069562215860264232 -0.00067381844198223398 0.00056538764858452993 -0.020992347238593747 0.010915662029104337 0.038115113244643499 -0.022999873164195186
leaf_weight=1267 55 78 51 2908 4949 8166 58 83 55 51
leaf_count=1267 55 78 51 2908 4949 8166 58 83 55 51
internal_value=-1.69291e-06 0.00896679 -0.000140974 -2.77617e-05 -0.00141892 0.000753115 -0.012375 0.0150777 0.0196364 -0.00705882
internal_weight=17721 271 17450 17290 6216 11074 160 193 110 102
internal_count=17721 271 17450 17290 6216 11074 160 193 110 102
is_linear=0
shrinkage=0.03


Tree=47
num_leaves=11
num_cat=0
split_feature=1 37 2 19 2 8 35 3 37 3
split_gain=23.4687 25.1895 24.2968 21.2907 23.768 14.0244 9.55889 6.27935 5.85326 3.33183
threshold=4.9500000476837167 4.6871931552886972 7.4500000476837167 1.7800000309944155 0.84499999880790722 1.9489285945892336 1.6160821318626406 5.2500000000000009 4.376631736755372 3.6499999761581425
decision_type=2 2 2 2 2 2 2 2 2 2
left_child=1 3 7 4 -1 -5 9 8 -2 -3
right_child=2 6 -4 5 -6 -7 -8 -9 -10 -11
leaf_value=-0.0001792238610227409 0.014886123895491271 -0.0010521280399529681 -0.0096921668602900479 -0.0011635281894893342 0.00073066909009840062 -0.019078795704951402 -0.020362576821435937 0.031284102519025268 0.0018290690056694181 -0.018652285864986091
leaf_weight=10114 69 52 78 571 6541 64 58 71 53 50
leaf_count=10114 69 52 78 571 6541 64 58 71 53 50
internal_value=-1.52362e-05 -0.000151289 0.00874539 -4.16426e-05 0.000163915 -0.00543307 -0.012 0.014456 0.0103279 -0.00647059
internal_weight=17721 17450 271 17290 16655 635 160 193 122 102
internal_count=17721 17450 271 17290 16655 635 160 193 122 102
is_linear=0
shrinkage=0.03


Tree=48
num_leaves=11
num_cat=0
split_feature=1 37 3 35 35 2 35 1 34 13
split_gain=22.2798 22.5648 21.251 34.1922 32.2879 21.0094 17.2392 13.5741 6.30817 6.14545
threshold=4.9500000476837167 3.92517101764679 1.1749999523162844 0.49351923167705541 0.34099149703979498 7.4500000476837167 1.6935814023017886 3.1499999761581425 0.011756666935980322 1.0000000180025095e-35
decision_type=2 2 2 2 2 2 2 2 2 2
left_child=1 2 3 -1 -4 8 7 -3 9 -2
right_child=5 6 4 -5 -6 -7 -8 -9 -10 -11
leaf_value=0.00015072768114346682 0.020271733297584874 -0.021358245379017579 -0.0054125676061118552 -0.00091075037633767412 0.0010830050287883584 -0.0094014018544813487 -0.019533893230490221 0.0001821885453146716 0.010141608451366468 0.036525076130439461
leaf_weight=7825 55 89 71 5199 4033 78 69 164 83 55
leaf_count=7825 55 89 71 5199 4033 78 69 164 83 55
internal_value=-1.18503e-05 -0.000144413 3.50304e-06 -0.000589681 0.00188596 0.00852399 -0.00801242 -0.00438735 0.0138342 0.0185455
internal_weight=17721 17450 17128 13024 4104 271 322 253 193 110
internal_count=17721 17450 17128 13024 4104 271 322 253 193 110
is_linear=0
shrinkage=0.03


Tree=49
num_leaves=15
num_cat=0
split_feature=26 3 34 34 35 26 33 2 31 20 10 10 3 3
split_gain=21.3213 26.2128 42.3355 38.6919 25.7144 24.2254 21.5835 16.6133 15.409 14.4229 12.8495 12.495 9.98962 9.12383
threshold=0.034657223150134094 1.1749999523162844 0.0062579307705163964 0.017437067814171318 0.49226060509681707 0.037919048219919212 0.3386287540197373 0.78999999165534984 0.88245674967765819 0.88150000572204601 0.28724916279315954 0.60086899995803844 0.3900000005960465 0.60500001907348644
decision_type=2 2 2 2 2 2 2 2 2 2 2 2 2 2
left_child=4 5 9 -4 11 10 -7 12 -9 -3 -2 13 -6 -1
right_child=1 2 3 -5 7 6 -8 8 -10 -11 -12 -13 -14 -15
leaf_value=0.00012524525265049093 0.0011581008034954965 0.00051585465656124314 -0.00079670201320811 0.0030292287042256701 -0.0037421358819874017 0.0012975659376151518 -0.0003481265480461835 -0.00026035097184553874 -0.0043047607590307076 0.0096788844441932555 -3.7543868992792475e-05 -0.0044759085906670697 -0.0016480392615074503 0.0024730947548975597
leaf_weight=836 1150 153 1838 1258 104 396 8230 1226 238 476 846 57 685 228
leaf_count=836 1150 153 1838 1258 104 396 8230 1226 238 476 846 57 685 228
internal_value=1.18503e-05 0.000516484 0.00268188 0.00124031 -0.00213397 -0.000242892 -0.000932066 -0.00398136 -0.00209016 0.00977742 0.00273547 0.00157895 -0.00749049 0.00231203
internal_weight=17721 14347 3725 3096 3374 10622 8626 2253 1464 629 1996 1121 789 1064
internal_count=17721 14347 3725 3096 3374 10622 8626 2253 1464 629 1996 1121 789 1064
is_linear=0
shrinkage=0.03


end of trees

feature_importances:
Column_35=66
Column_34=44
Column_20=43
Column_36=40
Column_15=37
Column_7=32
Column_33=31
Column_37=31
Column_2=26
Column_26=25
Column_3=21
Column_17=19
Column_10=18
Column_30=18
Column_11=17
Column_13=17
Column_0=15
Column_1=15
Column_8=13
Column_31=13
Column_19=12
Column_25=11
Column_9=10
Column_4=8
Column_14=8
Column_32=8
Column_28=6
Column_5=5
Column_12=5
Column_16=5
Column_6=3
Column_18=3
Column_27=2
Column_29=1

parameters:
[boosting: gbdt]
[objective: regression_l1]
[metric: l1]
[tree_learner: serial]
[device_type: cpu]
[data_sample_strategy: bagging]
[data: ]
[valid: ]
[num_iterations: 50]
[learning_rate: 0.03]
[num_leaves: 16]
[num_threads: 4]
[seed: 20260910]
[deterministic: 1]
[force_col_wise: 1]
[force_row_wise: 0]
[histogram_pool_size: -1]
[max_depth: 4]
[min_data_in_leaf: 50]
[min_sum_hessian_in_leaf: 0.001]
[bagging_fraction: 1]
[pos_bagging_fraction: 1]
[neg_bagging_fraction: 1]
[bagging_freq: 0]
[bagging_seed: 11424]
[bagging_by_query: 0]
[feature_fraction: 1]
[feature_fraction_bynode: 1]
[feature_fraction_seed: 17335]
[extra_trees: 0]
[extra_seed: 1225]
[early_stopping_round: 0]
[early_stopping_min_delta: 0]
[first_metric_only: 0]
[max_delta_step: 0]
[lambda_l1: 0]
[lambda_l2: 0]
[linear_lambda: 0]
[min_gain_to_split: 0]
[drop_rate: 0.1]
[max_drop: 50]
[skip_drop: 0.5]
[xgboost_dart_mode: 0]
[uniform_drop: 0]
[drop_seed: 7987]
[top_rate: 0.2]
[other_rate: 0.1]
[min_data_per_group: 100]
[max_cat_threshold: 32]
[cat_l2: 10]
[cat_smooth: 10]
[max_cat_to_onehot: 4]
[top_k: 20]
[monotone_constraints: ]
[monotone_constraints_method: basic]
[monotone_penalty: 0]
[feature_contri: ]
[forcedsplits_filename: ]
[refit_decay_rate: 0.9]
[cegb_tradeoff: 1]
[cegb_penalty_split: 0]
[cegb_penalty_feature_lazy: ]
[cegb_penalty_feature_coupled: ]
[path_smooth: 0]
[interaction_constraints: ]
[verbosity: -1]
[saved_feature_importance_type: 0]
[use_quantized_grad: 0]
[num_grad_quant_bins: 4]
[quant_train_renew_leaf: 0]
[stochastic_rounding: 1]
[linear_tree: 0]
[max_bin: 255]
[max_bin_by_feature: ]
[min_data_in_bin: 3]
[bin_construct_sample_cnt: 200000]
[data_random_seed: 5053]
[is_enable_sparse: 1]
[enable_bundle: 1]
[use_missing: 1]
[zero_as_missing: 0]
[feature_pre_filter: 1]
[pre_partition: 0]
[two_round: 0]
[header: 0]
[label_column: ]
[weight_column: ]
[group_column: ]
[ignore_column: ]
[categorical_feature: ]
[forcedbins_filename: ]
[precise_float_parser: 0]
[parser_config_file: ]
[objective_seed: 1448]
[num_class: 1]
[is_unbalance: 0]
[scale_pos_weight: 1]
[sigmoid: 1]
[boost_from_average: 1]
[reg_sqrt: 0]
[alpha: 0.9]
[fair_c: 1]
[poisson_max_delta_step: 0.7]
[tweedie_variance_power: 1.5]
[lambdarank_truncation_level: 30]
[lambdarank_norm: 1]
[label_gain: ]
[lambdarank_position_bias_regularization: 0]
[eval_at: ]
[multi_error_top_k: 1]
[auc_mu_weights: ]
[num_machines: 1]
[local_listen_port: 12400]
[time_out: 120]
[machine_list_filename: ]
[machines: ]
[gpu_platform_id: -1]
[gpu_device_id: -1]
[gpu_use_dp: 0]
[num_gpu: 1]

end of parameters

pandas_categorical:null
