tree
version=v4
num_class=1
num_tree_per_iteration=1
label_index=0
max_feature_idx=40
objective=regression_l1
feature_names=Column_0 Column_1 Column_2 Column_3 Column_4 Column_5 Column_6 Column_7 Column_8 Column_9 Column_10 Column_11 Column_12 Column_13 Column_14 Column_15 Column_16 Column_17 Column_18 Column_19 Column_20 Column_21 Column_22 Column_23 Column_24 Column_25 Column_26 Column_27 Column_28 Column_29 Column_30 Column_31 Column_32 Column_33 Column_34 Column_35 Column_36 Column_37 Column_38 Column_39 Column_40
feature_infos=[1:7] [0:80] [0:84] [0:84] [0:81] [0:80] [0:75.857139587402344] [0:70.071426391601562] [0:68.714286804199219] [0:37.572242736816406] [0:26.816909790039062] [0:1] [-35.75:11.714285850524902] [0.05000000074505806:30.979999542236328] [-0.96118015050888062:24.760000228881836] [-0.96118015050888062:24.760000228881836] [-0.97492802143096924:0.97492790222167969] [-0.90096884965896606:1] [-1:-0.86602520942687988] [-0.49999991059303284:0.50000029802322388] [0:1] [0:3] [0:1] [0:6] [0:2] [0:9] [0:2] [0.68844747543334961:0.71772086620330811] [0:1] [0:1] [1:85] [0:1] [0.59574466943740845:12.44444465637207] [0:43.900001525878906] [0:41] [0:37.799999237060547] [0:40.214286804199219] [0:36.046428680419922] [0:32.708927154541016] [0:0.98571425676345825] [0:87.198501586914062]
tree_sizes=1526 1490 1603 1591 1572 1578 1577 1576 1589 1553 1548 1558 1562 1562 1548 1559 1547 1565 1549 1564 1560 1562 1558 1566 1553 1562 1563 1559 1566 1564 1568 1574 1567 1565 1569 1565 1567 1564 1569 1554 1570 1558 1565 1562 1556 1574 1561 1569 1553 1555

Tree=0
num_leaves=16
num_cat=0
split_feature=40 29 40 9 40 40 29 8 0 9 8 36 39 36 14
split_gain=2927.14 1254.35 789.504 277.669 220.555 605.468 178.713 168.06 151.857 49.1488 36.3172 34.3238 30.698 23.4592 11.6025
threshold=1.0000000180025095e-35 0.16071429103612903 0.083521272987127318 1.0000000180025095e-35 1.3606827855110171 0.99858868122100841 1.0000000180025095e-35 0.27678571641445165 2.5000000000000004 1.0000000180025095e-35 0.34821428358554846 0.16428571939468387 0.25535714626312261 0.25000000745058065 0.011007249355316164
decision_type=2 2 2 2 2 2 2 2 2 2 2 2 2 2 2
left_child=1 6 3 12 5 -4 14 13 -6 -9 -5 -8 -2 -3 -1
right_child=2 7 4 10 8 -7 11 9 -10 -11 -12 -13 -14 -15 -16
leaf_value=0 -0.00018937221262603997 0 0.00013650918379426002 -0.00027661826927214859 0.0092815053462982182 -0.0019058796018362044 0 0 -0.0026748599857091904 0 -0.00023665521293878553 0 -0.00021477577742189168 0 0
leaf_weight=32330 996 11873 25992 3534 11515 16956 17066 2493 20357 25089 4235 14037 1039 12332 156
leaf_count=32330 996 11873 25992 3534 11515 16956 17066 2493 20357 25089 4235 14037 1039 12332 156
internal_value=0.0019551 0.00506336 -0.00228269 -0.0102876 -0.00123376 -0.00263691 0.00224048 0.00852955 0.000657003 0.0101305 -0.00770369 0.00386587 -0.0201523 0.00670523 0.000684295
internal_weight=200000 115376 84624 9804 74820 42948 63589 51787 31872 27582 7769 31103 2035 24205 32486
internal_count=200000 115376 84624 9804 74820 42948 63589 51787 31872 27582 7769 31103 2035 24205 32486
is_linear=0
shrinkage=0.03


Tree=1
num_leaves=15
num_cat=0
split_feature=40 10 40 40 6 40 40 8 29 0 40 36 8 8
split_gain=2864.06 1244.06 602.432 295.727 233.519 182.556 698.421 178.041 177.487 145.6 121.143 31.8487 31.6955 29.2051
threshold=0.00013099954230710867 0.36054041981697088 0.15415346622467044 1.0000000180025095e-35 1.0000000180025095e-35 1.3606827855110171 1.0016598105430605 0.29464286565780645 1.0000000180025095e-35 2.5000000000000004 1.0000000180025095e-35 0.25000000745058065 0.31250000000000006 1.991071403026581
decision_type=2 2 2 2 2 2 2 2 2 2 2 2 2 2
left_child=1 3 4 8 13 6 -4 11 -1 -7 -9 -3 -6 -2
right_child=2 7 5 -5 12 9 -8 10 -10 -11 -12 -13 -14 -15
leaf_value=0 -0.0002949998741503805 0 0.00029938901904970409 5.6774125687184092e-06 -0.00041337250904180107 0.0090030601859092708 -0.0018940229348838329 0 0 -0.0025946141861379144 6.4202167523035306e-06 0 -0.00037361796665936711 -0.00092408493901602925
leaf_weight=32478 1498 12971 23659 347 3498 11515 16623 24805 30659 20357 282 14503 6510 295
leaf_count=32478 1498 12971 23659 347 3498 11515 16623 24805 30659 20357 282 14503 6510 295
internal_value=0.00215355 0.00520712 -0.00206718 0.00238076 -0.00835099 -0.00103944 -0.00238171 0.00862084 0.00222896 0.000657003 0.010448 0.00695239 -0.00656475 -0.0183212
internal_weight=200000 116045 83955 63484 11801 72154 40282 52561 63137 31872 25087 27474 10008 1793
internal_count=200000 116045 83955 63484 11801 72154 40282 52561 63137 31872 25087 27474 10008 1793
is_linear=0
shrinkage=0.03


Tree=2
num_leaves=16
num_cat=0
split_feature=40 10 40 40 6 8 29 40 40 0 40 40 8 10 40
split_gain=2856.01 1263.03 627.94 299.744 240.363 179.333 177.487 166.902 671.132 138.209 100.648 41.1638 34.5124 22.8328 1.17056
threshold=0.00090574257774278532 0.36054041981697088 0.15415346622467044 1.0000000180025095e-35 1.0000000180025095e-35 0.29464286565780645 1.0000000180025095e-35 1.3606827855110171 1.0043739080429079 2.5000000000000004 1.0000000180025095e-35 1.0000000180025095e-35 0.34821428358554846 1.6976498961448672 1.0322977686882952e-05
decision_type=2 2 2 2 2 2 2 2 2 2 2 2 2 2 2
left_child=1 3 4 6 13 11 -1 8 -4 -9 -7 -3 -6 -2 -5
right_child=2 5 7 14 12 10 -8 9 -10 -11 -12 -13 -14 -15 -16
leaf_value=0 -0.00031681128303660079 0 0.00021286258339695631 5.4958287614684876e-06 -0.00043595373751083386 0 0 0.008732968380331994 -0.0018526465181037783 -0.0025167757605537773 6.2328841912312773e-06 1.0300438402220604e-05 -0.00043560642273165285 -0.00098321815450815465 6.8218997617353806e-06
leaf_weight=32478 1432 27434 23992 211 3846 24805 30659 11515 16290 20357 493 116 5931 258 183
leaf_count=32478 1432 27434 23992 211 3846 24805 30659 11515 16290 20357 493 116 5931 258 183
internal_value=0.00220335 0.00524218 -0.00202593 0.00239175 -0.00854714 0.00866882 0.00222896 -0.00098955 -0.00227298 0.00063253 0.0104925 0.00699419 -0.00674133 -0.0189941 0.0284772
internal_weight=200000 116379 83621 63531 11467 52848 63137 72154 40282 31872 25298 27550 9777 1690 394
internal_count=200000 116379 83621 63531 11467 52848 63137 72154 40282 31872 25298 27550 9777 1690 394
is_linear=0
shrinkage=0.03


Tree=3
num_leaves=16
num_cat=0
split_feature=40 10 40 40 6 8 29 28 40 40 40 8 39 35 40
split_gain=2830.29 1262.57 605.147 299.744 240.811 179.556 177.487 167.338 168.881 100.648 38.8204 31.3231 25.7994 20.4051 1.17056
threshold=0.00090574257774278532 0.36054041981697088 0.15415346622467044 1.0000000180025095e-35 1.0000000180025095e-35 0.29464286565780645 1.0000000180025095e-35 0.92857143282890331 1.0016598105430605 1.0000000180025095e-35 1.0000000180025095e-35 0.31250000000000006 0.73571428656578075 7.6499998569488534 1.0322977686882952e-05
decision_type=2 2 2 2 2 2 2 2 2 2 2 2 2 2 2
left_child=1 3 4 6 13 10 -1 8 -4 -7 -3 -6 -9 -2 -5
right_child=2 5 7 14 11 9 -8 12 -10 -11 -12 -13 -14 -15 -16
leaf_value=0 -0.00031956567532769866 0 0.0002818891706888191 5.3309538986244324e-06 -0.0004561302144598821 0 0 0.044137876510900689 -0.0013622917700826375 6.0458976654943389e-06 9.9914252501539852e-06 -0.00040633964337715876 0.2471053068583236 -0.0012968873986724345 6.6172427688833191e-06
leaf_weight=32478 1535 27434 23643 211 3395 24805 30659 1067 47293 493 116 6382 151 155 183
leaf_count=32478 1535 27434 23643 211 3395 24805 30659 1067 47293 493 116 6382 151 155 183
internal_value=0.00221655 0.00524167 -0.00199364 0.00239175 -0.0083954 0.00866769 0.00222896 -0.000976245 -0.00116556 0.0104925 0.00699201 -0.00658791 0.0100493 -0.0188521 0.0284772
internal_weight=200000 116379 83621 63531 11467 52848 63137 72154 70936 25298 27550 9777 1218 1690 394
internal_count=200000 116379 83621 63531 11467 52848 63137 72154 70936 25298 27550 9777 1218 1690 394
is_linear=0
shrinkage=0.03


Tree=4
num_leaves=16
num_cat=0
split_feature=40 10 40 40 6 8 29 28 40 40 40 8 13 36 10
split_gain=2772.79 1268.66 596.682 248.102 224.431 179.84 177.487 153.987 180.598 75.9213 52.6551 28.6705 27.2677 23.9681 23.9377
threshold=0.0022547222906723623 0.36054041981697088 0.15415346622467044 1.0000000180025095e-35 1.0000000180025095e-35 0.27678571641445165 1.0000000180025095e-35 0.92857143282890331 1.0075234174728396 1.0000000180025095e-35 0.00090574257774278532 0.34821428358554846 4.2249999046325692 0.25000000745058065 1.6976498961448672
decision_type=2 2 2 2 2 2 2 2 2 2 2 2 2 2 2
left_child=1 3 4 6 14 13 -1 8 -4 -7 -5 -6 -9 -3 -2
right_child=2 5 7 10 11 9 -8 12 -10 -11 -12 -13 -14 -15 -16
leaf_value=0 -0.00033222301698357826 0 0.00015383623217439483 5.2328577301138896e-06 -0.00047273850608802869 0 0 0.040339423851265613 -0.0013873721664099568 6.0879247483609624e-06 -2.3324582911567237e-07 -0.00043535617529228418 0.087787840799584085 0 -0.00094460765834872653
leaf_weight=32478 1324 11932 24309 394 3710 28029 30659 896 46627 711 61 5848 322 12449 251
leaf_count=32478 1324 11932 24309 394 3710 28029 30659 896 46627 711 61 5848 322 12449 251
internal_value=0.00226275 0.00524672 -0.00191879 0.00238804 -0.00838319 0.00866889 0.00222896 -0.000921363 -0.00110297 0.0102766 0.0244615 -0.00665411 0.00965517 0.00677372 -0.0188762
internal_weight=200000 116713 83287 63592 11133 53121 63137 72154 70936 28740 455 9558 1218 24381 1575
internal_count=200000 116713 83287 63592 11133 53121 63137 72154 70936 28740 455 9558 1218 24381 1575
is_linear=0
shrinkage=0.03


Tree=5
num_leaves=16
num_cat=0
split_feature=40 10 40 40 6 8 29 40 40 0 40 40 8 36 8
split_gain=2762.37 1268.2 595.097 248.102 218.87 179.625 177.487 148.311 649.449 130.921 74.6359 52.6551 28.6705 23.9681 20.8268
threshold=0.0022547222906723623 0.36054041981697088 0.15415346622467044 1.0000000180025095e-35 1.0000000180025095e-35 0.27678571641445165 1.0000000180025095e-35 1.3606827855110171 1.0075234174728396 2.5000000000000004 1.0000000180025095e-35 0.00090574257774278532 0.34821428358554846 0.25000000745058065 1.991071403026581
decision_type=2 2 2 2 2 2 2 2 2 2 2 2 2 2 2
left_child=1 3 4 6 14 13 -1 8 -4 -9 -7 -5 -6 -3 -2
right_child=2 5 7 11 12 10 -8 9 -10 -11 -12 -13 -14 -15 -16
leaf_value=0 -0.00032097702634875517 0 0.00014994563500979501 5.0758719982104727e-06 -0.0004585563509053878 0 0 0.0085307437841032965 -0.0017855168272853108 -0.0024539115827039095 5.905287005910132e-06 -2.2624845424220381e-07 -0.00042229549003351571 0 -0.00086035581784580685
leaf_weight=32478 1295 11932 24325 394 3710 28029 30659 11515 15957 20357 711 61 5848 12449 280
leaf_count=32478 1295 11932 24325 394 3710 28029 30659 11515 15957 20357 711 61 5848 12449 280
internal_value=0.00226785 0.0052462 -0.00190582 0.00238804 -0.00836163 0.00866776 0.00222896 -0.000909721 -0.00211956 0.000619352 0.0102745 0.0244615 -0.00665411 0.00677372 -0.0187238
internal_weight=200000 116713 83287 63592 11133 53121 63137 72154 40282 31872 28740 455 9558 24381 1575
internal_count=200000 116713 83287 63592 11133 53121 63137 72154 40282 31872 28740 455 9558 24381 1575
is_linear=0
shrinkage=0.03


Tree=6
num_leaves=16
num_cat=0
split_feature=40 10 40 40 6 8 29 40 40 40 40 40 8 36 8
split_gain=2740.15 1268.2 585.544 248.102 219.066 179.625 177.487 142.088 667.047 149.861 74.6359 52.6551 25.2063 23.9681 18.8954
threshold=0.0022547222906723623 0.36054041981697088 0.15415346622467044 1.0000000180025095e-35 1.0000000180025095e-35 0.27678571641445165 1.0000000180025095e-35 1.0102376937866213 1.2014176249504092 0.55894470214843761 1.0000000180025095e-35 0.00090574257774278532 0.34821428358554846 0.25000000745058065 1.991071403026581
decision_type=2 2 2 2 2 2 2 2 2 2 2 2 2 2 2
left_child=1 3 4 6 14 13 -1 9 -9 -4 -7 -5 -6 -3 -2
right_child=2 5 7 11 12 10 -8 8 -10 -11 -12 -13 -14 -15 -16
leaf_value=0 -0.00031134771555829254 0 -0.005212292887599051 4.9235958382641583e-06 -0.00044479966037822623 0 0 -0.001537786603034159 0.00084663105776085895 0.00039161327075880754 5.7281283957328292e-06 -2.1946100061493497e-07 -0.00040962662533251018 0 -0.00083454514331043254
leaf_weight=32478 1295 11932 9340 394 3710 28029 30659 12304 35192 15318 711 61 5848 12449 280
leaf_count=32478 1295 11932 9340 394 3710 28029 30659 12304 35192 15318 711 61 5848 12449 280
internal_value=0.00227985 0.0052462 -0.001877 0.00238804 -0.00828079 0.00866776 0.00222896 -0.000888932 -0.00184816 0.000958715 0.0102745 0.0244615 -0.0065725 0.00677372 -0.0186476
internal_weight=200000 116713 83287 63592 11133 53121 63137 72154 47496 24658 28740 455 9558 24381 1575
internal_count=200000 116713 83287 63592 11133 53121 63137 72154 47496 24658 28740 455 9558 24381 1575
is_linear=0
shrinkage=0.03


Tree=7
num_leaves=16
num_cat=0
split_feature=40 10 40 40 6 8 29 28 40 40 40 29 40 36 39
split_gain=2713.93 1267.29 547.997 248.102 223.683 179.197 177.487 136.997 163.033 72.0982 52.6551 28.4263 24.2402 23.9681 20.7299
threshold=0.0022547222906723623 0.36054041981697088 0.17645703256130221 1.0000000180025095e-35 1.0000000180025095e-35 0.27678571641445165 1.0000000180025095e-35 0.92857143282890331 1.0130025148391726 1.0000000180025095e-35 0.00090574257774278532 0.94642856717109691 0.0041657907422631988 0.25000000745058065 0.058928571641445167
decision_type=2 2 2 2 2 2 2 2 2 2 2 2 2 2 2
left_child=1 3 4 6 14 13 -1 8 -4 -7 -5 -9 -6 -3 -2
right_child=2 5 7 10 12 9 -8 11 -10 -11 -12 -13 -14 -15 -16
leaf_value=0 -0.00031897459941146927 0 7.0597316341244461e-05 4.7758879631162332e-06 6.5076647615928459e-06 0 0 0.041098588167890741 -0.001312424948720934 5.5562845438608447e-06 -2.1287717059648678e-07 0.24394638924168463 -0.0004785757685914861 0 -0.00034303648875257033
leaf_weight=32478 136 11932 24311 394 236 28029 30659 1084 45961 711 61 132 9963 12449 1464
leaf_count=32478 136 11932 24311 394 236 28029 30659 1084 45961 711 61 132 9963 12449 1464
internal_value=0.00229305 0.00524517 -0.00184387 0.00238804 -0.00783371 0.0086655 0.00222896 -0.000855248 -0.00102801 0.0102704 0.0244615 0.00912829 -0.00619767 0.00677372 -0.0182625
internal_weight=200000 116713 83287 63592 11799 53121 63137 71488 70272 28740 455 1216 10199 24381 1600
internal_count=200000 116713 83287 63592 11799 53121 63137 71488 70272 28740 455 1216 10199 24381 1600
is_linear=0
shrinkage=0.03


Tree=8
num_leaves=16
num_cat=0
split_feature=40 10 40 40 6 8 29 17 40 40 40 40 40 36 39
split_gain=2710.39 1266.38 533.862 248.102 201.988 178.769 177.487 136.8 98.2751 85.1894 69.6043 52.6551 24.2402 23.9681 18.569
threshold=0.0022547222906723623 0.36054041981697088 0.17645703256130221 1.0000000180025095e-35 1.0000000180025095e-35 0.27678571641445165 1.0000000180025095e-35 -0.22252074629068372 1.3606827855110171 1.0075234174728396 1.0000000180025095e-35 0.00090574257774278532 0.0041657907422631988 0.25000000745058065 0.058928571641445167
decision_type=2 2 2 2 2 2 2 2 2 2 2 2 2 2 2
left_child=1 3 4 6 14 13 -1 9 -9 -4 -7 -5 -6 -3 -2
right_child=2 5 7 11 12 10 -8 8 -10 -11 -12 -13 -14 -15 -16
leaf_value=0 -0.00030940536142912519 0 -8.3807159040865983e-06 4.6326113242227471e-06 6.3124348187450627e-06 0 0 -0.00044725533719513604 0.0051903298163020941 -0.0023915762748137493 5.3895960075450179e-06 -2.0649085547859349e-07 -0.00046421849553374156 0 -0.00033274539408999318
leaf_weight=32478 136 11932 9400 394 236 28029 30659 23282 19452 19354 711 61 9963 12449 1464
leaf_count=32478 136 11932 9400 394 236 28029 30659 23282 19452 19354 711 61 9963 12449 1464
internal_value=0.00229395 0.00524415 -0.00184026 0.00238804 -0.00775235 0.00866324 0.00222896 -0.000864481 0.000212009 -0.00246435 0.0102662 0.0244615 -0.00619767 0.00677372 -0.0176625
internal_weight=200000 116713 83287 63592 11799 53121 63137 71488 42734 28754 28740 455 10199 24381 1600
internal_count=200000 116713 83287 63592 11799 53121 63137 71488 42734 28754 28740 455 10199 24381 1600
is_linear=0
shrinkage=0.03


Tree=9
num_leaves=16
num_cat=0
split_feature=40 10 40 40 6 29 8 40 40 40 10 40 8 36 8
split_gain=2652.03 1253.05 567.325 250.881 200.761 177.487 173.018 129.628 594.693 146.085 78.8066 50.0932 26.0409 22.8544 19.6058
threshold=0.0041657907422631988 0.36054041981697088 0.15415346622467044 1.0000000180025095e-35 1.0000000180025095e-35 1.0000000180025095e-35 0.27678571641445165 1.0130025148391726 1.2014176249504092 0.55894470214843761 0.50442510843276989 0.00013099954230710867 0.34821428358554846 0.25000000745058065 0.9553571641445161
decision_type=2 2 2 2 2 2 2 2 2 2 2 2 2 2 2
left_child=1 3 4 5 14 -1 13 9 -9 -4 -8 -5 -6 -3 -2
right_child=2 6 7 11 12 -7 10 8 -10 -11 -12 -13 -14 -15 -16
leaf_value=0 -0.00030477408323106777 0 -0.0050299693245419207 4.4430619662362444e-06 -0.00044199055964599124 0 0 -0.0014565953308781901 0.00072655647206519363 0.0003173081150619859 0 6.519291018489473e-06 -0.00042539642533625713 0 -0.00055050578803930879
leaf_weight=32478 959 11952 9340 347 3596 30659 27405 11971 35192 15651 1577 133 5726 12496 518
leaf_count=32478 959 11952 9340 347 3596 30659 27405 11971 35192 15651 1577 133 5726 12496 518
internal_value=0.00232965 0.0052379 -0.0017739 0.00239323 -0.00818687 0.00222896 0.00862493 -0.000814092 -0.00173971 0.000932736 0.0101929 0.024 -0.00655868 0.0067662 -0.0184631
internal_weight=200000 117047 82953 63617 10799 63137 53430 72154 47163 24991 28982 480 9322 24448 1477
internal_count=200000 117047 82953 63617 10799 63137 53430 72154 47163 24991 28982 480 9322 24448 1477
is_linear=0
shrinkage=0.03


Tree=10
num_leaves=16
num_cat=0
split_feature=40 10 40 40 6 29 8 28 40 10 40 29 8 36 8
split_gain=2640.32 1253.81 565.953 245.152 196.887 177.487 173.018 126.054 149.908 78.8066 54.6005 29.9978 25.7748 22.8544 17.7698
threshold=0.0041657907422631988 0.36054041981697088 0.15415346622467044 1.0000000180025095e-35 1.0000000180025095e-35 1.0000000180025095e-35 0.27678571641445165 0.92857143282890331 1.0156805515289309 0.50442510843276989 0.00090574257774278532 0.94642856717109691 0.34821428358554846 0.25000000745058065 0.9553571641445161
decision_type=2 2 2 2 2 2 2 2 2 2 2 2 2 2 2
left_child=1 3 4 5 14 -1 13 8 -4 -8 -5 -9 -6 -3 -2
right_child=2 6 7 10 12 -7 9 11 -10 -11 -12 -13 -14 -15 -16
leaf_value=0 -0.00029563086073413573 0 5.8306180237493842e-05 4.3603411255089766e-06 -0.00042873084285661154 0 0 0.039247592765271198 -0.0012536628674282785 0 3.6702492324185866e-06 0.23645049097578308 -0.00041263453257616941 0 -0.00053399061439812941
leaf_weight=32478 959 11952 25308 394 3596 30659 27405 1086 45628 1577 86 132 5726 12496 518
leaf_count=32478 959 11952 25308 394 3596 30659 27405 1086 45628 1577 86 132 5726 12496 518
internal_value=0.00233505 0.00523687 -0.00175943 0.00239134 -0.00816464 0.00222896 0.00862493 -0.000800787 -0.000965095 0.0101929 0.02375 0.00876847 -0.00655224 0.0067662 -0.0183412
internal_weight=200000 117047 82953 63617 10799 63137 53430 72154 70936 28982 480 1218 9322 24448 1477
internal_count=200000 117047 82953 63617 10799 63137 53430 72154 70936 28982 480 1218 9322 24448 1477
is_linear=0
shrinkage=0.03


Tree=11
num_leaves=16
num_cat=0
split_feature=40 10 40 40 6 29 8 17 29 40 10 40 8 36 39
split_gain=2621.79 1253.81 549.462 245.152 199.194 177.487 173.018 127.157 89.3058 83.5618 78.8066 54.6005 24.3219 22.8544 19.9485
threshold=0.0041657907422631988 0.36054041981697088 0.17645703256130221 1.0000000180025095e-35 1.0000000180025095e-35 1.0000000180025095e-35 0.27678571641445165 -0.22252074629068372 0.66071426868438732 1.0184006690979006 0.50442510843276989 0.00090574257774278532 0.31250000000000006 0.25000000745058065 0.058928571641445167
decision_type=2 2 2 2 2 2 2 2 2 2 2 2 2 2 2
left_child=1 3 4 5 14 -1 13 9 -9 -4 -8 -5 -6 -3 -2
right_child=2 6 7 11 12 -7 10 8 -10 -11 -12 -13 -14 -15 -16
leaf_value=0 -0.00028211105226729529 0 -4.6535828635579143e-06 4.229530891743707e-06 -0.00042971386583288935 0 0 3.7754605733597219e-06 0.042962672098973989 -0.0023521983995719018 0 3.5601417554460268e-06 -0.00041595499681691808 0 -0.00032494830716988076
leaf_weight=32478 136 11952 9962 394 3290 30659 27405 41356 1378 18792 1577 86 6673 12496 1366
leaf_count=32478 136 11952 9962 394 3290 30659 27405 41356 1378 18792 1577 86 6673 12496 1366
internal_value=0.00234525 0.00523687 -0.00173484 0.00239134 -0.00783166 0.00222896 0.00862493 -0.00075705 0.000280807 -0.00229951 0.0101929 0.02375 -0.0062963 0.0067662 -0.018016
internal_weight=200000 117047 82953 63617 11465 63137 53430 71488 42734 28754 28982 480 9963 24448 1502
internal_count=200000 117047 82953 63617 11465 63137 53430 71488 42734 28754 28982 480 9963 24448 1502
is_linear=0
shrinkage=0.03


Tree=12
num_leaves=16
num_cat=0
split_feature=40 10 40 40 6 29 8 40 40 40 10 40 40 36 39
split_gain=2595.74 1253.81 526.719 245.152 204.006 177.487 173.018 124.221 550.307 119.449 78.8066 54.6005 46.9744 22.8544 19.8034
threshold=0.0041657907422631988 0.36054041981697088 0.17645703256130221 1.0000000180025095e-35 1.0000000180025095e-35 1.0000000180025095e-35 0.27678571641445165 1.0156805515289309 1.2014176249504092 0.55894470214843761 0.50442510843276989 0.00090574257774278532 0.0062920530326664456 0.25000000745058065 0.058928571641445167
decision_type=2 2 2 2 2 2 2 2 2 2 2 2 2 2 2
left_child=1 3 4 5 14 -1 13 9 -9 -4 -8 -5 -6 -3 -2
right_child=2 6 7 11 12 -7 10 8 -10 -11 -12 -13 -14 -15 -16
leaf_value=0 -0.00027364772069927648 0 -0.0054873697632769813 4.1026449649913965e-06 1.1842944068293312e-05 0 0 -0.0013869837873294567 0.00071854516618751352 0.00023820094724653988 0 3.4533375027826461e-06 -0.00045074641480536478 0 -0.00031519985795478431
leaf_weight=32478 136 11952 8674 394 244 30659 27405 11638 35192 15984 1577 86 9719 12496 1366
leaf_count=32478 136 11952 8674 394 244 30659 27405 11638 35192 15984 1577 86 9719 12496 1366
internal_value=0.00235965 0.00523687 -0.00170012 0.00239134 -0.00766943 0.00222896 0.00862493 -0.000742782 -0.00165022 0.000980615 0.0101929 0.02375 -0.00611563 0.0067662 -0.017976
internal_weight=200000 117047 82953 63617 11465 63137 53430 71488 46830 24658 28982 480 9963 24448 1502
internal_count=200000 117047 82953 63617 11465 63137 53430 71488 46830 24658 28982 480 9963 24448 1502
is_linear=0
shrinkage=0.03


Tree=13
num_leaves=16
num_cat=0
split_feature=40 10 40 40 6 29 8 17 12 40 10 40 40 36 39
split_gain=2589.25 1253.81 527.327 245.152 201.061 177.487 173.018 117.793 87.4805 83.0059 78.8066 54.6005 45.2569 22.8544 19.5146
threshold=0.0041657907422631988 0.36054041981697088 0.17645703256130221 1.0000000180025095e-35 1.0000000180025095e-35 1.0000000180025095e-35 0.27678571641445165 -0.22252074629068372 0.80357143282890331 1.0212965011596682 0.50442510843276989 0.00090574257774278532 0.0062920530326664456 0.25000000745058065 0.058928571641445167
decision_type=2 2 2 2 2 2 2 2 2 2 2 2 2 2 2
left_child=1 3 4 5 14 -1 13 9 -9 -4 -8 -5 -6 -3 -2
right_child=2 6 7 11 12 -7 10 8 -10 -11 -12 -13 -14 -15 -16
leaf_value=0 -0.00026543828907829819 0 -2.0733134548844672e-06 3.9795656160416543e-06 1.1487655746244526e-05 0 0 -7.9066986405190518e-06 0.029388146611810058 -0.0023048769598056204 0 3.3497373776991645e-06 -0.00043722402236120382 0 -0.0003057438622161408
leaf_weight=32478 136 11952 10095 394 244 30659 27405 40254 2480 18659 1577 86 9719 12496 1366
leaf_count=32478 136 11952 10095 394 244 30659 27405 40254 2480 18659 1577 86 9719 12496 1366
internal_value=0.00236325 0.00523687 -0.00169144 0.00239134 -0.0076642 0.00222896 0.00862493 -0.00073355 0.000265362 -0.00221813 0.0101929 0.02375 -0.00612165 0.0067662 -0.0178961
internal_weight=200000 117047 82953 63617 11465 63137 53430 71488 42734 28754 28982 480 9963 24448 1502
internal_count=200000 117047 82953 63617 11465 63137 53430 71488 42734 28754 28982 480 9963 24448 1502
is_linear=0
shrinkage=0.03


Tree=14
num_leaves=16
num_cat=0
split_feature=40 10 40 40 6 29 29 28 40 40 36 8 40 13 8
split_gain=2566.41 1243.21 555.274 236.05 182.19 177.487 169.913 111.114 133.987 63.729 41.9841 26.2244 25.1027 23.7776 23.2325
threshold=0.0062920530326664456 0.36054041981697088 0.17645703256130221 1.0000000180025095e-35 1.0000000180025095e-35 1.0000000180025095e-35 0.30357143282890325 0.92857143282890331 1.0184006690979006 0.00090574257774278532 0.25000000745058065 0.34821428358554846 0.029631713405251506 4.2249999046325692 0.9553571641445161
decision_type=2 2 2 2 2 2 2 2 2 2 2 2 2 2 2
left_child=1 3 4 5 14 -1 10 8 -4 -5 -3 -8 -6 -9 -2
right_child=2 6 7 9 12 -7 11 13 -10 -11 -12 -13 -14 -15 -16
leaf_value=0 -0.00027639293868465424 0 5.3599376847155586e-05 3.8601786475604047e-06 -0.00017257905450533074 0 0 0.035127339813311814 -0.0011741476224021239 3.410293048430352e-06 0 0 -0.00094295656193862584 0.079776103332519999 -0.00055115755717819262
leaf_weight=32478 917 13957 24977 394 2817 30659 9746 894 45295 113 16302 13732 6902 322 495
leaf_count=32478 917 13957 24977 394 2817 30659 9746 894 45295 113 16302 13732 6902 322 495
internal_value=0.00237855 0.00522964 -0.00167213 0.00239268 -0.00790495 0.00222896 0.00858961 -0.000701656 -0.00085724 0.0227811 0.00710367 0.0105047 -0.00644202 0.00828947 -0.0179745
internal_weight=200000 117381 82619 63644 11131 63137 53737 71488 70272 507 30259 23478 9719 1216 1412
internal_count=200000 117381 82619 63644 11131 63137 53737 71488 70272 507 30259 23478 9719 1216 1412
is_linear=0
shrinkage=0.03


Tree=15
num_leaves=16
num_cat=0
split_feature=40 10 40 40 6 29 29 17 29 40 40 36 8 40 8
split_gain=2553.72 1245.1 554.98 222.654 178.185 177.487 169.913 107.158 84.5621 83.632 74.5331 41.9841 26.2244 25.1027 21.1847
threshold=0.0062920530326664456 0.36054041981697088 0.17645703256130221 1.0000000180025095e-35 1.0000000180025095e-35 1.0000000180025095e-35 0.30357143282890325 -0.22252074629068372 0.66071426868438732 1.0242218971252444 0.00013099954230710867 0.25000000745058065 0.34821428358554846 0.029631713405251506 0.9553571641445161
decision_type=2 2 2 2 2 2 2 2 2 2 2 2 2 2 2
left_child=1 3 4 5 14 -1 11 9 -9 -4 -5 -3 -8 -6 -2
right_child=2 6 7 10 13 -7 12 8 -10 -11 -12 -13 -14 -15 -16
leaf_value=0 -0.00026810115052411458 0 6.9467473276871218e-06 3.6938022698737727e-06 -0.0001674016828701708 0 0 2.5632894999232479e-06 0.040765659787118484 -0.0022705898852069342 5.7687418242542899e-06 0 0 -0.0009146678650804672 -0.00053462283046284682
leaf_weight=32478 917 13957 10233 347 2817 30659 9746 41356 1378 18521 160 16302 13732 6902 495
leaf_count=32478 917 13957 10233 347 2817 30659 9746 41356 1378 18521 160 16302 13732 6902 495
internal_value=0.00238305 0.00522708 -0.00165761 0.00238797 -0.00788878 0.00222896 0.00858961 -0.000687388 0.000265362 -0.00210336 0.0221893 0.00710367 0.0105047 -0.00644202 -0.017847
internal_weight=200000 117381 82619 63644 11131 63137 53737 71488 42734 28754 507 30259 23478 9719 1412
internal_count=200000 117381 82619 63644 11131 63137 53737 71488 42734 28754 507 30259 23478 9719 1412
is_linear=0
shrinkage=0.03


Tree=16
num_leaves=16
num_cat=0
split_feature=40 10 40 40 29 6 29 28 40 40 36 8 0 40 8
split_gain=2526.86 1245.1 555.688 222.654 177.487 174.796 169.913 103.873 122.405 74.5331 41.9841 26.2244 24.9762 24.1572 19.2313
threshold=0.0062920530326664456 0.36054041981697088 0.17645703256130221 1.0000000180025095e-35 1.0000000180025095e-35 1.0000000180025095e-35 0.30357143282890325 0.92857143282890331 1.0184006690979006 0.00013099954230710867 0.25000000745058065 0.34821428358554846 2.5000000000000004 0.029631713405251506 0.9553571641445161
decision_type=2 2 2 2 2 2 2 2 2 2 2 2 2 2 2
left_child=1 3 5 4 -1 14 10 8 -4 -5 -3 -8 -9 -7 -2
right_child=2 6 7 9 -6 13 11 12 -10 -11 -12 -13 -14 -15 -16
leaf_value=0 -0.00026005811600839118 0 5.1782993121910324e-05 3.582988201777559e-06 0 -0.00016237963238406567 0 0.096879683256640897 -0.0011189097880999678 5.5956795695266609e-06 0 0 0.029424307322446018 -0.0008872278291280532 -0.00051858414554896144
leaf_weight=32478 917 13957 24977 347 30659 2817 9746 378 45295 160 16302 13732 838 6902 495
leaf_count=32478 917 13957 24977 347 30659 2817 9746 378 45295 160 16302 13732 838 6902 495
internal_value=0.00239805 0.00522708 -0.0016213 0.00238797 0.00222896 -0.00785644 0.00858961 -0.000650459 -0.000800888 0.0221893 0.00710367 0.0105047 0.00804276 -0.0064235 -0.0177195
internal_weight=200000 117381 82619 63644 63137 11131 53737 71488 70272 507 30259 23478 1216 9719 1412
internal_count=200000 117381 82619 63644 63137 11131 53737 71488 70272 507 30259 23478 1216 9719 1412
is_linear=0
shrinkage=0.03


Tree=17
num_leaves=16
num_cat=0
split_feature=40 10 40 40 29 29 6 40 40 40 40 36 8 40 39
split_gain=2510.81 1245.1 550.934 222.654 177.487 169.913 167.556 101.791 465.829 110.809 74.5331 41.9841 26.2244 23.2298 19.466
threshold=0.0062920530326664456 0.36054041981697088 0.17645703256130221 1.0000000180025095e-35 1.0000000180025095e-35 0.30357143282890325 1.0000000180025095e-35 1.0212965011596682 1.2014176249504092 0.55894470214843761 0.00013099954230710867 0.25000000745058065 0.34821428358554846 0.029631713405251506 0.058928571641445167
decision_type=2 2 2 2 2 2 2 2 2 2 2 2 2 2 2
left_child=1 3 6 4 -1 11 14 9 -9 -4 -5 -3 -7 -8 -2
right_child=2 5 7 10 -6 12 13 8 -10 -11 -12 -13 -14 -15 -16
leaf_value=0 -0.00023333857424943442 0 -0.0053257498392035264 3.4754985557242322e-06 0 0 -0.0001575082434125437 -0.0013038260339345137 0.000709221876823316 0.00014061952310135119 5.4278091824408599e-06 0 0 -0.00086061099425421156 -0.00029110071384719379
leaf_weight=32478 133 13957 8674 347 30659 9746 2817 10972 35192 16650 160 16302 13732 6902 1279
leaf_count=32478 133 13957 8674 347 30659 9746 2817 10972 35192 16650 160 16302 13732 6902 1279
internal_value=0.00240705 0.00522708 -0.00159951 0.00238797 0.00222896 0.00858961 -0.00780792 -0.000632833 -0.00147128 0.000895593 0.0221893 0.00710367 0.0105047 -0.00640498 -0.0174646
internal_weight=200000 117381 82619 63644 63137 53737 11131 71488 46164 25324 507 30259 23478 9719 1412
internal_count=200000 117381 82619 63644 63137 53737 11131 71488 46164 25324 507 30259 23478 9719 1412
is_linear=0
shrinkage=0.03


Tree=18
num_leaves=16
num_cat=0
split_feature=40 10 40 40 29 29 6 34 39 40 36 8 8 39 39
split_gain=2510.81 1245.1 533.848 222.654 177.487 169.913 159.232 100.976 98.3857 74.5331 41.9841 26.2244 22.8447 20.6262 18.2732
threshold=0.0062920530326664456 0.36054041981697088 0.17645703256130221 1.0000000180025095e-35 1.0000000180025095e-35 0.30357143282890325 1.0000000180025095e-35 1.0000000180025095e-35 0.79999998211860668 0.00013099954230710867 0.25000000745058065 0.34821428358554846 0.34821428358554846 0.50892856717109691 0.058928571641445167
decision_type=2 2 2 2 2 2 2 2 2 2 2 2 2 2 2
left_child=1 3 6 4 -1 10 14 13 -9 -5 -3 -7 -8 -4 -2
right_child=2 5 7 9 -6 11 12 8 -10 -11 -12 -13 -14 -15 -16
leaf_value=0 -0.0002263384170219514 0 0.016763578712829689 3.3712335990525055e-06 0 0 -0.00038394685074640483 -0.00055252311131662667 0.13517382036699849 5.264974906967635e-06 0 0 -0.00044956531647547714 0.066146966564272755 -0.00028236769243177799
leaf_weight=32478 133 13957 851 347 30659 9746 3619 70220 275 160 16302 13732 6100 142 1279
leaf_count=32478 133 13957 851 347 30659 9746 3619 70220 275 160 16302 13732 6100 142 1279
internal_value=0.00240705 0.00522708 -0.00159951 0.00238797 0.00222896 0.00858961 -0.0077109 -0.000647941 -0.000781758 0.0221893 0.00710367 0.0105047 -0.00634325 0.00885196 -0.0171246
internal_weight=200000 117381 82619 63644 63137 53737 11131 71488 70495 507 30259 23478 9719 993 1412
internal_count=200000 117381 82619 63644 63137 53737 11131 71488 70495 507 30259 23478 9719 993 1412
is_linear=0
shrinkage=0.03


Tree=19
num_leaves=16
num_cat=0
split_feature=40 10 40 40 29 29 6 40 40 40 40 36 8 8 39
split_gain=2417.67 1245.1 522.339 222.654 177.487 169.913 158.61 116.077 435.566 128.047 74.5331 41.9841 26.2244 20.8125 17.5469
threshold=0.0062920530326664456 0.36054041981697088 0.17645703256130221 1.0000000180025095e-35 1.0000000180025095e-35 0.30357143282890325 1.0000000180025095e-35 1.0212965011596682 1.2266252636909487 0.55894470214843761 0.00013099954230710867 0.25000000745058065 0.34821428358554846 0.31250000000000006 0.058928571641445167
decision_type=2 2 2 2 2 2 2 2 2 2 2 2 2 2 2
left_child=1 3 6 4 -1 11 14 9 -9 -4 -5 -3 -7 -8 -2
right_child=2 5 7 10 -6 12 13 8 -10 -11 -12 -13 -14 -15 -16
leaf_value=0 -0.00021954826451129285 0 -0.0051670370306740685 3.2700965910809305e-06 0 0 -0.00038331178769871176 -0.0012934147122683438 0.00083661230015771827 0.00015145430641392473 5.1070256597586048e-06 0 0 -0.00042038424912088608 -0.00027389666165882461
leaf_weight=32478 133 13957 8674 347 30659 9746 3202 11636 34528 16650 160 16302 13732 6517 1279
leaf_count=32478 133 13957 8674 347 30659 9746 3202 11636 34528 16650 160 16302 13732 6517 1279
internal_value=0.00245985 0.00522708 -0.0014717 0.00238797 0.00222896 0.00858961 -0.00751684 -0.000530439 -0.00142579 0.00110172 0.0221893 0.00710367 0.0105047 -0.00615187 -0.0169122
internal_weight=200000 117381 82619 63644 63137 53737 11131 71488 46164 25324 507 30259 23478 9719 1412
internal_count=200000 117381 82619 63644 63137 53737 11131 71488 46164 25324 507 30259 23478 9719 1412
is_linear=0
shrinkage=0.03


Tree=20
num_leaves=16
num_cat=0
split_feature=40 10 40 40 29 29 6 40 40 40 40 36 29 8 8
split_gain=2403.32 1235.68 529.151 210.963 177.487 170.954 159.257 107.853 427.953 120.903 85.468 42.9306 24.1032 23.1367 18.9677
threshold=0.0083537800237536448 0.36054041981697088 0.17645703256130221 1.0000000180025095e-35 1.0000000180025095e-35 0.30357143282890325 1.0000000180025095e-35 1.0242218971252444 1.2266252636909487 0.55894470214843761 0.00013099954230710867 0.25000000745058065 0.37500000000000006 0.34821428358554846 0.9553571641445161
decision_type=2 2 2 2 2 2 2 2 2 2 2 2 2 2 2
left_child=1 3 6 4 -1 11 14 9 -9 -4 -5 -3 -7 -8 -2
right_child=2 5 7 10 -6 12 13 8 -10 -11 -12 -13 -14 -15 -16
leaf_value=0 -0.00023704252147359621 0 -0.0050120259197538467 3.1719936933485026e-06 0 0 -0.00039808312845901407 -0.0013292641400935669 0.00081151393115298667 0.00012523698099436192 4.7566853197477127e-06 0 0 -0.00048113342925810504 -0.000555568751085428
leaf_weight=32478 852 14005 8674 347 30659 11616 3514 11303 34528 16983 175 16392 12043 5969 462
leaf_count=32478 852 14005 8674 347 30659 11616 3514 11303 34528 16983 175 16392 12043 5969 462
internal_value=0.00246885 0.00521837 -0.00146454 0.00238599 0.00222896 0.00855391 -0.0076549 -0.000529599 -0.00140145 0.00102779 0.0213793 0.0070655 0.0104662 -0.00629864 -0.0174429
internal_weight=200000 117715 82285 63659 63137 54056 10797 71488 45831 25657 522 30397 23659 9483 1314
internal_count=200000 117715 82285 63659 63137 54056 10797 71488 45831 25657 522 30397 23659 9483 1314
is_linear=0
shrinkage=0.03


Tree=21
num_leaves=16
num_cat=0
split_feature=40 10 40 40 29 29 6 40 40 40 40 36 29 8 8
split_gain=2407.52 1235.68 525.311 210.963 177.487 170.954 155.366 99.2686 412.161 114.896 85.468 42.9306 24.1032 23.1367 17.0603
threshold=0.0083537800237536448 0.36054041981697088 0.17645703256130221 1.0000000180025095e-35 1.0000000180025095e-35 0.30357143282890325 1.0000000180025095e-35 1.0242218971252444 1.286999583244324 0.55894470214843761 0.00013099954230710867 0.25000000745058065 0.37500000000000006 0.34821428358554846 0.9553571641445161
decision_type=2 2 2 2 2 2 2 2 2 2 2 2 2 2 2
left_child=1 3 6 4 -1 11 14 9 -9 -4 -5 -3 -7 -8 -2
right_child=2 5 7 10 -6 12 13 8 -10 -11 -12 -13 -14 -15 -16
leaf_value=0 -0.00022993124582938832 0 -0.0048616651421612318 3.0768338825480475e-06 0 0 -0.00038614063460524361 -0.0013910032690418908 0.0011337700370475546 0.00012147987156453106 4.6139847601552798e-06 0 0 -0.00046669942638036184 -0.00053890168855286517
leaf_weight=32478 852 14005 8674 347 30659 11616 3514 12631 33200 16983 175 16392 12043 5969 462
leaf_count=32478 852 14005 8674 347 30659 11616 3514 12631 33200 16983 175 16392 12043 5969 462
internal_value=0.00246645 0.00521837 -0.00147038 0.00238599 0.00222896 0.00855391 -0.00763823 -0.000538832 -0.00137527 0.000955295 0.0213793 0.0070655 0.0104662 -0.00629864 -0.0173059
internal_weight=200000 117715 82285 63659 63137 54056 10797 71488 45831 25657 522 30397 23659 9483 1314
internal_count=200000 117715 82285 63659 63137 54056 10797 71488 45831 25657 522 30397 23659 9483 1314
is_linear=0
shrinkage=0.03


Tree=22
num_leaves=16
num_cat=0
split_feature=40 10 40 40 29 29 6 40 40 40 40 36 29 8 8
split_gain=2393.89 1235.68 527.596 210.963 177.487 170.954 154.08 95.4661 403.148 112.318 85.468 42.9306 24.1032 23.1367 16.447
threshold=0.0083537800237536448 0.36054041981697088 0.17645703256130221 1.0000000180025095e-35 1.0000000180025095e-35 0.30357143282890325 1.0000000180025095e-35 1.0267385840415957 1.286999583244324 0.55894470214843761 0.00013099954230710867 0.25000000745058065 0.37500000000000006 0.34821428358554846 0.9553571641445161
decision_type=2 2 2 2 2 2 2 2 2 2 2 2 2 2 2
left_child=1 3 6 4 -1 11 14 9 -9 -4 -5 -3 -7 -8 -2
right_child=2 5 7 10 -6 12 13 8 -10 -11 -12 -13 -14 -15 -16
leaf_value=0 -0.00022303330845450668 0 -0.0047158151878963946 2.9845288660716059e-06 0 0 -0.00037455641556708629 -0.0013980003886735833 0.001099756935936128 0.0001113977493988717 4.4755652173506228e-06 0 0 -0.00045269844358895097 -0.00052273463789627927
leaf_weight=32478 852 14005 8674 347 30659 11616 3514 12298 33200 17316 175 16392 12043 5969 462
leaf_count=32478 852 14005 8674 347 30659 11616 3514 12298 33200 17316 175 16392 12043 5969 462
internal_value=0.00247425 0.00521837 -0.00145142 0.00238599 0.00222896 0.00855391 -0.00763268 -0.000517849 -0.00134643 0.000932666 0.0213793 0.0070655 0.0104662 -0.00629864 -0.0172603
internal_weight=200000 117715 82285 63659 63137 54056 10797 71488 45498 25990 522 30397 23659 9483 1314
internal_count=200000 117715 82285 63659 63137 54056 10797 71488 45498 25990 522 30397 23659 9483 1314
is_linear=0
shrinkage=0.03


Tree=23
num_leaves=16
num_cat=0
split_feature=40 10 40 40 29 29 6 40 40 40 40 36 29 8 37
split_gain=2384.63 1236.06 500.657 208.438 177.487 170.954 145.113 87.7623 87.7012 398.786 104.837 42.9306 24.1032 21.0512 14.9913
threshold=0.0083537800237536448 0.36054041981697088 0.17645703256130221 1.0000000180025095e-35 1.0000000180025095e-35 0.30357143282890325 1.0000000180025095e-35 0.00013099954230710867 1.0297239422798159 1.2266252636909487 0.55894470214843761 0.25000000745058065 0.37500000000000006 0.34821428358554846 1.3482142686843874
decision_type=2 2 2 2 2 2 2 2 2 2 2 2 2 2 2
left_child=1 3 6 4 -1 11 14 -5 10 -10 -4 -3 -7 -8 -2
right_child=2 5 8 7 -6 12 13 -9 9 -11 -12 -13 -14 -15 -16
leaf_value=0 -0.00021477270355619758 0 -0.0045743407322595018 2.8949930000894579e-06 0 0 -0.00036331972310007371 4.3412982608301028e-06 -0.0013297033148524074 0.00072016270402888672 0.00010588877197424778 0 0 -0.00043911749028128241 -0.00065521475116058609
leaf_weight=32478 969 14005 8674 347 30659 11616 3514 175 10637 34528 17649 16392 12043 5969 345
leaf_count=32478 969 14005 8674 347 30659 11616 3514 175 10637 34528 17649 16392 12043 5969 345
internal_value=0.00247905 0.00521786 -0.00143902 0.00238505 0.00222896 0.00855391 -0.00746041 0.0212644 -0.000529599 -0.00133178 0.000846788 0.0070655 0.0104662 -0.00616577 -0.0168037
internal_weight=200000 117715 82285 63659 63137 54056 10797 522 71488 45165 26323 30397 23659 9483 1314
internal_count=200000 117715 82285 63659 63137 54056 10797 522 71488 45165 26323 30397 23659 9483 1314
is_linear=0
shrinkage=0.03


Tree=24
num_leaves=16
num_cat=0
split_feature=40 10 40 40 29 29 6 40 28 40 36 40 29 29 37
split_gain=2378.52 1236.44 481.841 205.928 177.487 170.954 148.935 90.0871 87.7364 100.742 42.9306 29.7168 24.1032 24.0676 14.9913
threshold=0.0083537800237536448 0.36054041981697088 0.17645703256130221 1.0000000180025095e-35 1.0000000180025095e-35 0.30357143282890325 1.0000000180025095e-35 0.00013099954230710867 0.92857143282890331 0.99559384584426891 0.25000000745058065 0.010374342557042839 0.37500000000000006 0.94642856717109691 1.3482142686843874
decision_type=2 2 2 2 2 2 2 2 2 2 2 2 2 2 2
left_child=1 3 6 4 -1 10 14 -5 9 -4 -3 -8 -7 -10 -2
right_child=2 5 8 7 -6 12 11 -9 13 -11 -12 -13 -14 -15 -16
leaf_value=0 -0.00020832952244951162 0 0.00042650239498643401 2.8081432100867744e-06 0 0 1.004606437312561e-05 4.2110593130051986e-06 0.035138972342710857 -0.0006454557560276389 0 -0.00042805998675241378 0 0.22048726262454829 -0.00063555830862576854
leaf_weight=32478 969 14005 22313 347 30659 11616 245 175 1084 47959 16392 9238 12043 132 345
leaf_count=32478 969 14005 22313 347 30659 11616 245 175 1084 47959 16392 9238 12043 132 345
internal_value=0.00248205 0.00521735 -0.001431 0.00238411 0.00222896 0.00855391 -0.00733815 0.0211494 -0.000538832 -0.000677083 0.0070655 -0.00602657 0.0104662 0.00745066 -0.0168037
internal_weight=200000 117715 82285 63659 63137 54056 10797 522 71488 70272 30397 9483 23659 1216 1314
internal_count=200000 117715 82285 63659 63137 54056 10797 522 71488 70272 30397 9483 23659 1216 1314
is_linear=0
shrinkage=0.03


Tree=25
num_leaves=16
num_cat=0
split_feature=40 10 40 40 29 29 6 40 40 40 40 36 40 29 14
split_gain=2271.24 1236.44 503.189 205.928 177.487 170.954 142.521 117.109 378.549 136.07 90.0871 42.9306 28.3577 24.1032 14.2927
threshold=0.0083537800237536448 0.36054041981697088 0.17645703256130221 1.0000000180025095e-35 1.0000000180025095e-35 0.30357143282890325 1.0000000180025095e-35 1.0297239422798159 1.286999583244324 0.55894470214843761 0.00013099954230710867 0.25000000745058065 0.010374342557042839 0.37500000000000006 -0.09160324931144713
decision_type=2 2 2 2 2 2 2 2 2 2 2 2 2 2 2
left_child=1 3 6 4 -1 11 14 9 -9 -4 -5 -3 -8 -7 -2
right_child=2 5 7 10 -6 13 12 8 -10 -11 -12 -13 -14 -15 -16
leaf_value=0 -0.00020066251886358558 0 -0.0044499055821413105 2.7238989137841709e-06 0 0 9.7446824419318212e-06 -0.0013532952736735003 0.0010527776858814577 0.00010943550467606811 4.0847275336150423e-06 0 -0.00041521818714984138 0 -0.00025320722593341497
leaf_weight=32478 76 14005 8674 347 30659 11616 245 11965 33200 17649 175 16392 9238 12043 1238
leaf_count=32478 76 14005 8674 347 30659 11616 245 11965 33200 17649 175 16392 9238 12043 1238
internal_value=0.00254445 0.00521735 -0.00127933 0.00238411 0.00222896 0.00855391 -0.00731592 -0.000367614 -0.00129459 0.00122288 0.0211494 0.0070655 -0.0060329 0.0104662 -0.0165753
internal_weight=200000 117715 82285 63659 63137 54056 10797 71488 45165 26323 522 30397 9483 23659 1314
internal_count=200000 117715 82285 63659 63137 54056 10797 71488 45165 26323 522 30397 9483 23659 1314
is_linear=0
shrinkage=0.03


Tree=26
num_leaves=16
num_cat=0
split_feature=40 10 40 40 29 29 6 40 40 40 40 36 40 29 14
split_gain=2277.01 1236.81 502.657 203.434 177.487 170.954 139.554 109.159 375.881 128.347 88.9108 42.9306 24.4713 24.1032 14.0867
threshold=0.0083537800237536448 0.36054041981697088 0.17645703256130221 1.0000000180025095e-35 1.0000000180025095e-35 0.30357143282890325 1.0000000180025095e-35 1.0326723456382754 1.286999583244324 0.55894470214843761 0.00013099954230710867 0.25000000745058065 0.010374342557042839 0.37500000000000006 -0.09160324931144713
decision_type=2 2 2 2 2 2 2 2 2 2 2 2 2 2 2
left_child=1 3 6 4 -1 11 14 9 -9 -4 -5 -3 -8 -7 -2
right_child=2 5 7 10 -6 13 12 8 -10 -11 -12 -13 -14 -15 -16
leaf_value=0 -0.00019464264329767801 0 -0.0043164084146770712 2.6421819463706458e-06 0 0 9.4523419686738663e-06 -0.0013873959629638218 0.0010211943553050139 0.00010591886604202538 3.9621857076065907e-06 0 -0.00040276164153534618 0 -0.00024561100915541256
leaf_weight=32478 76 14005 8674 347 30659 11616 245 11632 33200 17982 175 16392 9238 12043 1238
leaf_count=32478 76 14005 8674 347 30659 11616 245 11632 33200 17982 175 16392 9238 12043 1238
internal_value=0.00254055 0.00521684 -0.00128808 0.00238317 0.00222896 0.00855391 -0.00732148 -0.000376846 -0.00128078 0.00114346 0.0210345 0.0070655 -0.00605188 0.0104662 -0.016484
internal_weight=200000 117715 82285 63659 63137 54056 10797 71488 44832 26656 522 30397 9483 23659 1314
internal_count=200000 117715 82285 63659 63137 54056 10797 71488 44832 26656 522 30397 9483 23659 1314
is_linear=0
shrinkage=0.03


Tree=27
num_leaves=16
num_cat=0
split_feature=40 10 40 40 29 29 6 40 40 40 40 36 29 40 40
split_gain=2286.2 1236.81 494.944 203.434 177.487 170.954 132.32 101.835 365.983 122.253 88.9108 42.9306 24.1032 23.2073 16.5798
threshold=0.0083537800237536448 0.36054041981697088 0.17645703256130221 1.0000000180025095e-35 1.0000000180025095e-35 0.30357143282890325 1.0000000180025095e-35 1.0326723456382754 1.286999583244324 0.55894470214843761 0.00013099954230710867 0.25000000745058065 0.37500000000000006 0.010374342557042839 0.010374342557042839
decision_type=2 2 2 2 2 2 2 2 2 2 2 2 2 2 2
left_child=1 3 6 4 -1 11 14 9 -9 -4 -5 -3 -7 -8 -2
right_child=2 5 7 10 -6 12 13 8 -10 -11 -12 -13 -14 -15 -16
leaf_value=0 -1.537130561045017e-05 0 -0.0041869161622367593 2.5629164879795265e-06 0 0 9.1687717096136474e-06 -0.0013457740840749073 0.00099055852464586375 0.00010274130006076459 3.8433201363783936e-06 0 0 -0.00039067879228928582 -0.00027867125125920976
leaf_weight=32478 89 14005 8674 347 30659 11616 245 11632 33200 17982 175 16392 12043 9238 1225
leaf_count=32478 89 14005 8674 347 30659 11616 245 11632 33200 17982 175 16392 12043 9238 1225
internal_value=0.00253515 0.00521684 -0.00130121 0.00238317 0.00222896 0.00855391 -0.00728814 -0.00039699 -0.00127007 0.00107143 0.0210345 0.0070655 0.0104662 -0.00605188 -0.01621
internal_weight=200000 117715 82285 63659 63137 54056 10797 71488 44832 26656 522 30397 23659 9483 1314
internal_count=200000 117715 82285 63659 63137 54056 10797 71488 44832 26656 522 30397 23659 9483 1314
is_linear=0
shrinkage=0.03


Tree=28
num_leaves=16
num_cat=0
split_feature=40 10 40 7 29 6 40 40 40 40 40 36 29 40 40
split_gain=2283.44 1237.57 479.922 199.964 170.954 133.772 127.477 95.1745 381.915 113.703 53.3574 42.9306 24.1032 21.4779 16.4589
threshold=0.0083537800237536448 0.36054041981697088 0.17645703256130221 1.0000000180025095e-35 0.30357143282890325 1.0000000180025095e-35 1.0000000180025095e-35 1.038695812225342 1.2266252636909487 0.55894470214843761 1.0000000180025095e-35 0.25000000745058065 0.37500000000000006 0.010374342557042839 0.010374342557042839
decision_type=2 2 2 2 2 2 2 2 2 2 2 2 2 2 2
left_child=1 3 5 10 11 14 -5 9 -9 -4 -1 -3 -6 -7 -2
right_child=2 4 7 6 12 13 -8 8 -10 -11 -12 -13 -14 -15 -16
leaf_value=0 -1.4910166442136662e-05 0 -0.0040613086773696565 0 0 8.8937085583252496e-06 3.0669368100230445e-06 -0.001355212990140663 0.00059803432938273875 9.8577015201434311e-05 2.3406761538155924e-06 0 0 -0.00037895842852060728 -0.00027031111372143344
leaf_weight=32450 89 14005 8674 30687 11616 245 462 9638 34528 18648 60 16392 12043 9238 1225
leaf_count=32450 89 14005 8674 30687 11616 245 462 9638 34528 18648 60 16392 12043 9238 1225
internal_value=0.00253575 0.00521582 -0.00129829 0.00238128 0.00855391 -0.00719366 0.00409901 -0.000407901 -0.00126885 0.000983823 0.000735466 0.0070655 0.0104662 -0.00595065 -0.0161644
internal_weight=200000 117715 82285 63659 54056 10797 31149 71488 44166 27322 32510 30397 23659 9483 1314
internal_count=200000 117715 82285 63659 54056 10797 31149 71488 44166 27322 32510 30397 23659 9483 1314
is_linear=0
shrinkage=0.03


Tree=29
num_leaves=16
num_cat=0
split_feature=40 10 40 7 29 6 40 40 40 40 40 40 36 29 40
split_gain=2271.34 1237.95 449.021 199.735 170.954 146.015 125.4 100.583 371.233 88.2286 53.3574 47.6553 42.9306 24.1032 16.209
threshold=0.0083537800237536448 0.36054041981697088 0.21087211370468142 1.0000000180025095e-35 0.30357143282890325 1.0000000180025095e-35 1.0000000180025095e-35 1.038695812225342 1.2266252636909487 0.55894470214843761 1.0000000180025095e-35 0.012340211775153877 0.25000000745058065 0.37500000000000006 0.010374342557042839
decision_type=2 2 2 2 2 2 2 2 2 2 2 2 2 2 2
left_child=1 3 5 10 12 14 -5 9 -9 -4 -1 -7 -3 -6 -2
right_child=2 4 7 6 13 11 -8 8 -10 -11 -12 -13 -14 -15 -16
leaf_value=0 -1.4462861448872581e-05 0 -0.0049219209257333413 0 0 8.28954391468348e-06 2.974928705722353e-06 -0.0013145566004364431 0.00058009329950125654 9.5619704745391324e-05 2.2704558692011246e-06 -0.00044515964507411022 0 0 -0.00026721554322636532
leaf_weight=32450 89 14005 7675 30687 11616 468 462 9638 34528 18648 60 10001 16392 12043 1238
leaf_count=32450 89 14005 7675 30687 11616 468 462 9638 34528 18648 60 10001 16392 12043 1238
internal_value=0.00254235 0.00521531 -0.00128152 0.00238034 0.00855391 -0.00669888 0.00409708 -0.000374952 -0.00124983 0.00109296 0.000735466 -0.00551055 0.0070655 0.0104662 -0.0160739
internal_weight=200000 117715 82285 63659 54056 11796 31149 70489 44166 26323 32510 10469 30397 23659 1327
internal_count=200000 117715 82285 63659 54056 11796 31149 70489 44166 26323 32510 10469 30397 23659 1327
is_linear=0
shrinkage=0.03


Tree=30
num_leaves=16
num_cat=0
split_feature=40 10 40 7 29 6 40 40 40 40 40 40 36 29 40
split_gain=2278.49 1237.95 447.331 199.735 170.954 144.61 125.4 91.7967 357.669 83.2497 53.3574 46.4159 42.9306 24.1032 16.0906
threshold=0.0083537800237536448 0.36054041981697088 0.21087211370468142 1.0000000180025095e-35 0.30357143282890325 1.0000000180025095e-35 1.0000000180025095e-35 1.038695812225342 1.286999583244324 0.55894470214843761 1.0000000180025095e-35 0.012340211775153877 0.25000000745058065 0.37500000000000006 0.010374342557042839
decision_type=2 2 2 2 2 2 2 2 2 2 2 2 2 2 2
left_child=1 3 5 10 12 14 -5 9 -9 -4 -1 -7 -3 -6 -2
right_child=2 4 7 6 13 11 -8 8 -10 -11 -12 -13 -14 -15 -16
leaf_value=0 -1.4028975605406418e-05 0 -0.0047742632979613404 0 0 8.0408575972429602e-06 2.8856808445506825e-06 -0.0013699407967242875 0.00092549794003996791 9.2751113603029565e-05 2.2023421931250908e-06 -0.00043180485572188689 0 0 -0.00025919907692957431
leaf_weight=32450 89 14005 7675 30687 11616 468 462 10966 33200 18648 60 10001 16392 12043 1238
leaf_count=32450 89 14005 7675 30687 11616 468 462 10966 33200 18648 60 10001 16392 12043 1238
internal_value=0.00253815 0.00521531 -0.00129173 0.00238034 0.00855391 -0.00669888 0.00409708 -0.000386869 -0.00122266 0.00101546 0.000735466 -0.00551629 0.0070655 0.0104662 -0.0160286
internal_weight=200000 117715 82285 63659 54056 11796 31149 70489 44166 26323 32510 10469 30397 23659 1327
internal_count=200000 117715 82285 63659 54056 11796 31149 70489 44166 26323 32510 10469 30397 23659 1327
is_linear=0
shrinkage=0.03


Tree=31
num_leaves=16
num_cat=0
split_feature=40 10 40 7 29 6 40 40 40 40 40 40 36 29 40
split_gain=2284.93 1238.7 442.289 199.278 170.954 139.677 121.297 87.6657 236.927 107.483 53.3574 46.4159 42.9306 24.1032 17.4049
threshold=0.0083537800237536448 0.36054041981697088 0.21087211370468142 1.0000000180025095e-35 0.30357143282890325 1.0000000180025095e-35 1.0000000180025095e-35 0.99559384584426891 1.3606827855110171 0.68216520547866832 1.0000000180025095e-35 0.012340211775153877 0.25000000745058065 0.37500000000000006 0.010374342557042839
decision_type=2 2 2 2 2 2 2 2 2 2 2 2 2 2 2
left_child=1 3 5 10 12 14 -5 9 -9 -4 -1 -7 -3 -6 -2
right_child=2 4 7 6 13 11 -8 8 -10 -11 -12 -13 -14 -15 -16
leaf_value=0 -1.3608106337244224e-05 0 -0.0045557143552491866 0 0 7.7996318693256911e-06 2.7991104192141619e-06 -0.00064466320177907323 0.0011873841001660806 0.00062962360232671048 2.1362719273313382e-06 -0.00041885071005023027 0 0 -0.00025142310462168704
leaf_weight=32450 89 14005 10006 30687 11616 468 462 17289 31872 11322 60 10001 16392 12043 1238
leaf_count=32450 89 14005 10006 30687 11616 468 462 17289 31872 11322 60 10001 16392 12043 1238
internal_value=0.00253335 0.00521429 -0.00130194 0.00237845 0.00855391 -0.00667854 0.00409323 -0.00040219 -0.00109904 0.00120405 0.000735466 -0.00551629 0.0070655 0.0104662 -0.0158478
internal_weight=200000 117715 82285 63659 54056 11796 31149 70489 49161 21328 32510 10469 30397 23659 1327
internal_count=200000 117715 82285 63659 54056 11796 31149 70489 49161 21328 32510 10469 30397 23659 1327
is_linear=0
shrinkage=0.03


Tree=32
num_leaves=16
num_cat=0
split_feature=40 10 40 7 29 6 40 40 40 40 40 40 36 29 40
split_gain=2173.81 1238.7 461.351 199.278 170.954 138.32 129.296 339.971 121.297 112.423 53.3574 44.7392 42.9306 24.1032 17.1601
threshold=0.0083537800237536448 0.36054041981697088 0.21087211370468142 1.0000000180025095e-35 0.30357143282890325 1.0000000180025095e-35 1.038695812225342 1.286999583244324 1.0000000180025095e-35 0.55894470214843761 1.0000000180025095e-35 0.012340211775153877 0.25000000745058065 0.37500000000000006 0.010374342557042839
decision_type=2 2 2 2 2 2 2 2 2 2 2 2 2 2 2
left_child=1 3 5 10 12 14 9 -8 -5 -4 -1 -7 -3 -6 -2
right_child=2 4 6 8 13 11 7 -9 -10 -11 -12 -13 -14 -15 -16
leaf_value=0 -1.3199863147126886e-05 0 -0.0044943639683650248 0 0 7.5656429132459328e-06 -0.0013095026767691864 0.00086211147883378636 2.7151371066377372e-06 9.3957499760628316e-05 2.072183769511398e-06 -0.00040628518874872335 0 0 -0.00024388041148303645
leaf_weight=32450 89 14005 7675 30687 11616 468 10966 33200 462 18648 60 10001 16392 12043 1238
leaf_count=32450 89 14005 7675 30687 11616 468 10966 33200 462 18648 60 10001 16392 12043 1238
internal_value=0.00259935 0.00521429 -0.00114152 0.00237845 0.00855391 -0.00663276 -0.000222588 -0.00121451 0.00409323 0.0014417 0.000735466 -0.00547617 0.0070655 0.0104662 -0.0157573
internal_weight=200000 117715 82285 63659 54056 11796 70489 44166 31149 26323 32510 10469 30397 23659 1327
internal_count=200000 117715 82285 63659 54056 11796 70489 44166 31149 26323 32510 10469 30397 23659 1327
is_linear=0
shrinkage=0.03


Tree=33
num_leaves=16
num_cat=0
split_feature=40 10 40 7 29 6 40 40 40 40 40 40 36 29 40
split_gain=2164.84 1238.7 436.549 199.278 170.954 140.522 121.297 119.988 325.306 107.121 59.6448 53.3574 42.9306 24.1032 16.9171
threshold=0.0083537800237536448 0.36054041981697088 0.21087211370468142 1.0000000180025095e-35 0.30357143282890325 1.0000000180025095e-35 1.0000000180025095e-35 1.038695812225342 1.3036422133445742 0.55894470214843761 0.014174921903759243 1.0000000180025095e-35 0.25000000745058065 0.37500000000000006 0.010374342557042839
decision_type=2 2 2 2 2 2 2 2 2 2 2 2 2 2 2
left_child=1 3 5 11 12 14 -5 9 -9 -4 -7 -1 -3 -6 -2
right_child=2 4 7 6 13 10 -8 8 -10 -11 -12 -13 -14 -15 -16
leaf_value=0 -1.2803867252713079e-05 0 -0.0043595330493140742 0 0 5.9299230456093947e-06 2.633682993438605e-06 -0.0012952184666939247 0.00089985599629054699 9.1138774767809445e-05 -0.000416608724746908 2.0100182564260558e-06 0 0 -0.00023656399913854535
leaf_weight=32450 89 14005 7675 30687 11616 644 462 11298 32868 18648 9825 60 16392 12043 1238
leaf_count=32450 89 14005 7675 30687 11616 644 462 11298 32868 18648 9825 60 16392 12043 1238
internal_value=0.00260475 0.00521429 -0.0011284 0.00237845 0.00855391 -0.00646999 0.00409323 -0.000234505 -0.00119006 0.00136876 -0.00530423 0.000735466 0.0070655 0.0104662 -0.0156669
internal_weight=200000 117715 82285 63659 54056 11796 31149 70489 44166 26323 10469 32510 30397 23659 1327
internal_count=200000 117715 82285 63659 54056 11796 31149 70489 44166 26323 10469 32510 30397 23659 1327
is_linear=0
shrinkage=0.03


Tree=34
num_leaves=16
num_cat=0
split_feature=40 10 40 7 29 6 40 40 40 40 40 40 36 29 40
split_gain=2166.34 1238.7 437.856 199.278 170.954 138.834 121.297 116.414 327.722 103.682 56.1595 53.3574 42.9306 24.1032 16.7962
threshold=0.0083537800237536448 0.36054041981697088 0.21087211370468142 1.0000000180025095e-35 0.30357143282890325 1.0000000180025095e-35 1.0000000180025095e-35 1.0418481826782229 1.286999583244324 0.55894470214843761 0.014174921903759243 1.0000000180025095e-35 0.25000000745058065 0.37500000000000006 0.010374342557042839
decision_type=2 2 2 2 2 2 2 2 2 2 2 2 2 2 2
left_child=1 3 5 11 12 14 -5 9 -9 -4 -7 -1 -3 -6 -2
right_child=2 4 7 6 13 10 -8 8 -10 -11 -12 -13 -14 -15 -16
leaf_value=0 -1.2419751235131694e-05 0 -0.0042287470578346517 0 0 5.7520253542411338e-06 2.5546725036354468e-06 -0.0013190625026325044 0.00080925245458005643 8.5849199509514565e-05 -0.00040411046300450079 1.9497177087332743e-06 0 0 -0.00022946707916438904
leaf_weight=32450 89 14005 7675 30687 11616 644 462 10633 33200 18981 9825 60 16392 12043 1238
leaf_count=32450 89 14005 7675 30687 11616 644 462 10633 33200 18981 9825 60 16392 12043 1238
internal_value=0.00260385 0.00521429 -0.00113058 0.00237845 0.00855391 -0.00648016 0.00409323 -0.000235356 -0.00118609 0.00132803 -0.00532143 0.000735466 0.0070655 0.0104662 -0.0156217
internal_weight=200000 117715 82285 63659 54056 11796 31149 70489 43833 26656 10469 32510 30397 23659 1327
internal_count=200000 117715 82285 63659 54056 11796 31149 70489 43833 26656 10469 32510 30397 23659 1327
is_linear=0
shrinkage=0.03


Tree=35
num_leaves=16
num_cat=0
split_feature=40 10 40 7 29 6 40 40 40 40 40 40 36 29 40
split_gain=2175.81 1238.7 431.448 199.278 170.954 131.467 121.297 108.209 317.021 98.3589 55.021 53.3574 42.9306 24.1032 16.08
threshold=0.0083537800237536448 0.36054041981697088 0.21087211370468142 1.0000000180025095e-35 0.30357143282890325 1.0000000180025095e-35 1.0000000180025095e-35 1.0418481826782229 1.3036422133445742 0.55894470214843761 0.014174921903759243 1.0000000180025095e-35 0.25000000745058065 0.37500000000000006 0.010374342557042839
decision_type=2 2 2 2 2 2 2 2 2 2 2 2 2 2 2
left_child=1 3 5 11 12 14 -5 9 -9 -4 -7 -1 -3 -6 -2
right_child=2 4 7 6 13 10 -8 8 -10 -11 -12 -13 -14 -15 -16
leaf_value=0 -1.2047158698077764e-05 0 -0.0041018846460996114 0 0 5.5794645936139103e-06 2.4780323285263833e-06 -0.0013080313431287473 0.00084858274276442881 8.3273723524229136e-05 -0.00039198714911436571 1.8912261774712764e-06 0 0 -0.00022258306678945737
leaf_weight=32450 89 14005 7675 30687 11616 644 462 10965 32868 18981 9825 60 16392 12043 1238
leaf_count=32450 89 14005 7675 30687 11616 644 462 10965 32868 18981 9825 60 16392 12043 1238
internal_value=0.00259815 0.00521429 -0.00114444 0.00237845 0.00855391 -0.00645473 0.00409323 -0.000255785 -0.0011724 0.0012515 -0.00532716 0.000735466 0.0070655 0.0104662 -0.0153504
internal_weight=200000 117715 82285 63659 54056 11796 31149 70489 43833 26656 10469 32510 30397 23659 1327
internal_count=200000 117715 82285 63659 54056 11796 31149 70489 43833 26656 10469 32510 30397 23659 1327
is_linear=0
shrinkage=0.03


Tree=36
num_leaves=16
num_cat=0
split_feature=40 10 40 7 29 6 40 40 40 40 40 40 36 29 40
split_gain=2168.83 1238.7 426.509 199.278 170.954 122.149 121.297 102.175 311.665 94.3429 55.021 53.3574 42.9306 24.1032 17.1026
threshold=0.0083537800237536448 0.36054041981697088 0.21087211370468142 1.0000000180025095e-35 0.30357143282890325 1.0000000180025095e-35 1.0000000180025095e-35 1.0451431870460512 1.3036422133445742 0.55894470214843761 0.014174921903759243 1.0000000180025095e-35 0.25000000745058065 0.37500000000000006 0.014174921903759243
decision_type=2 2 2 2 2 2 2 2 2 2 2 2 2 2 2
left_child=1 3 5 11 12 14 -5 9 -9 -4 -7 -1 -3 -6 -2
right_child=2 4 7 6 13 10 -8 8 -10 -11 -12 -13 -14 -15 -16
leaf_value=0 -3.244744688939113e-05 0 -0.0039788281067166236 0 0 5.4120806558054928e-06 2.4036913586705923e-06 -0.0013315361006312296 0.00082312526048149604 7.752033389027726e-05 -0.00038022753464093473 1.8344893921471379e-06 0 0 -0.00041961909528557016
leaf_weight=32450 358 14005 7675 30687 11616 644 462 10632 32868 19314 9825 60 16392 12043 969
leaf_count=32450 358 14005 7675 30687 11616 644 462 10632 32868 19314 9825 60 16392 12043 969
internal_value=0.00260235 0.00521429 -0.00113423 0.00237845 0.00855391 -0.00641404 0.00409323 -0.000250677 -0.00115034 0.00119938 -0.00532716 0.000735466 0.0070655 0.0104662 -0.0149887
internal_weight=200000 117715 82285 63659 54056 11796 31149 70489 43500 26989 10469 32510 30397 23659 1327
internal_count=200000 117715 82285 63659 54056 11796 31149 70489 43500 26989 10469 32510 30397 23659 1327
is_linear=0
shrinkage=0.03


Tree=37
num_leaves=16
num_cat=0
split_feature=40 10 40 7 29 6 40 40 40 40 40 40 36 29 40
split_gain=2164 1239.08 412.08 199.049 170.954 119.762 119.272 95.3471 299.984 90.5066 62.8977 53.3574 42.9306 24.1032 16.0164
threshold=0.0083537800237536448 0.36054041981697088 0.21087211370468142 1.0000000180025095e-35 0.30357143282890325 1.0000000180025095e-35 1.0000000180025095e-35 1.0451431870460512 1.3606827855110171 0.55894470214843761 0.016057942062616352 1.0000000180025095e-35 0.25000000745058065 0.37500000000000006 0.014174921903759243
decision_type=2 2 2 2 2 2 2 2 2 2 2 2 2 2 2
left_child=1 3 5 11 12 14 -5 9 -9 -4 -7 -1 -3 -6 -2
right_child=2 4 7 6 13 10 -8 8 -10 -11 -12 -13 -14 -15 -16
leaf_value=0 -3.1474023482709386e-05 0 -0.0038594632635151247 0 0 4.9599608861780003e-06 2.3315806179104746e-06 -0.0013472518469801271 0.0010244747391725889 7.5194723873568927e-05 -0.00038941409474515262 1.7794547103827237e-06 0 0 -0.00040703052242700304
leaf_weight=32450 358 14005 7675 30687 11616 870 462 11628 31872 19314 9599 60 16392 12043 969
leaf_count=32450 358 14005 7675 30687 11616 870 462 11628 31872 19314 9599 60 16392 12043 969
internal_value=0.00260475 0.00521378 -0.00112767 0.00237751 0.00855391 -0.0063174 0.0040913 -0.000259189 -0.00112828 0.00114158 -0.00524119 0.000735466 0.0070655 0.0104662 -0.0148078
internal_weight=200000 117715 82285 63659 54056 11796 31149 70489 43500 26989 10469 32510 30397 23659 1327
internal_count=200000 117715 82285 63659 54056 11796 31149 70489 43500 26989 10469 32510 30397 23659 1327
is_linear=0
shrinkage=0.03


Tree=38
num_leaves=16
num_cat=0
split_feature=40 10 40 7 29 40 6 40 40 40 40 40 36 29 40
split_gain=2164.64 1239.46 410.234 198.821 170.954 117.263 116.248 88.0855 285.805 86.7499 61.872 53.3574 42.9306 24.1032 16.2057
threshold=0.0083537800237536448 0.36054041981697088 0.21087211370468142 1.0000000180025095e-35 0.30357143282890325 1.0000000180025095e-35 1.0000000180025095e-35 1.0451431870460512 1.3606827855110171 0.55894470214843761 0.016057942062616352 1.0000000180025095e-35 0.25000000745058065 0.37500000000000006 0.014174921903759243
decision_type=2 2 2 2 2 2 2 2 2 2 2 2 2 2 2
left_child=1 3 6 11 12 -5 14 9 -9 -4 -8 -1 -3 -6 -2
right_child=2 4 7 5 13 -7 10 8 -10 -11 -12 -13 -14 -15 -16
leaf_value=0 -3.0529802778228121e-05 0 -0.0037436793656096708 0 0 2.2616331993731607e-06 4.8111620595926456e-06 -0.0013068342915707235 0.00099374049699741123 7.293888215736186e-05 -0.00037773167190279801 1.7260710690712421e-06 0 0 -0.00039481960675419298
leaf_weight=32450 358 14005 7675 30687 11616 462 870 11628 31872 19314 9599 60 16392 12043 969
leaf_count=32450 358 14005 7675 30687 11616 462 870 11628 31872 19314 9599 60 16392 12043 969
internal_value=0.00260385 0.00521327 -0.00112912 0.00237657 0.00855391 0.00408938 -0.00630722 -0.000262594 -0.00109793 0.00108377 -0.00524692 0.000735466 0.0070655 0.0104662 -0.0146722
internal_weight=200000 117715 82285 63659 54056 31149 11796 70489 43500 26989 10469 32510 30397 23659 1327
internal_count=200000 117715 82285 63659 54056 31149 11796 70489 43500 26989 10469 32510 30397 23659 1327
is_linear=0
shrinkage=0.03


Tree=39
num_leaves=16
num_cat=0
split_feature=40 10 40 7 29 40 6 39 40 40 40 36 29 0 40
split_gain=2160.17 1239.46 411.275 198.821 170.954 117.263 116.248 83.6484 93.8224 61.872 53.3574 42.9306 24.1032 19.5917 16.2057
threshold=0.0083537800237536448 0.36054041981697088 0.21087211370468142 1.0000000180025095e-35 0.30357143282890325 1.0000000180025095e-35 1.0000000180025095e-35 0.75000000000000011 1.0486806631088259 0.016057942062616352 1.0000000180025095e-35 0.25000000745058065 0.37500000000000006 2.5000000000000004 0.014174921903759243
decision_type=2 2 2 2 2 2 2 2 2 2 2 2 2 2 2
left_child=1 3 6 10 11 -5 14 8 -4 -8 -1 -3 -6 -9 -2
right_child=2 4 7 5 12 -7 9 13 -10 -11 -12 -13 -14 -15 -16
leaf_value=0 -2.9613908694881249e-05 0 3.6201295911269854e-05 0 0 2.1937842033919658e-06 4.6668271978048908e-06 0.23539260883278715 -0.00090821910894233198 -0.00036639972174571414 1.6742889369991049e-06 0 0 0.061822056000281345 -0.00038297501855156715
leaf_weight=32450 358 14005 27318 30687 11616 462 870 110 42798 9599 60 16392 12043 263 969
leaf_count=32450 358 14005 27318 30687 11616 462 870 110 42798 9599 60 16392 12043 263 969
internal_value=0.00260655 0.00521327 -0.00112256 0.00237657 0.00855391 0.00408938 -0.00630722 -0.000254933 -0.00033031 -0.00524692 0.000735466 0.0070655 0.0104662 0.0139142 -0.0146722
internal_weight=200000 117715 82285 63659 54056 31149 11796 70489 70116 10469 32510 30397 23659 373 1327
internal_count=200000 117715 82285 63659 54056 31149 11796 70489 70116 10469 32510 30397 23659 373 1327
is_linear=0
shrinkage=0.03


Tree=40
num_leaves=16
num_cat=0
split_feature=40 10 40 7 29 40 6 40 40 40 40 40 36 29 40
split_gain=2159.67 1239.46 408.169 198.821 170.954 117.263 110.601 79.1101 270.885 81.4128 60.8548 53.3574 42.9306 24.1032 15.8601
threshold=0.0083537800237536448 0.36054041981697088 0.21087211370468142 1.0000000180025095e-35 0.30357143282890325 1.0000000180025095e-35 1.0000000180025095e-35 1.0486806631088259 1.3606827855110171 0.55894470214843761 0.016057942062616352 1.0000000180025095e-35 0.25000000745058065 0.37500000000000006 0.014174921903759243
decision_type=2 2 2 2 2 2 2 2 2 2 2 2 2 2 2
left_child=1 3 6 11 12 -5 14 9 -9 -4 -8 -1 -3 -6 -2
right_child=2 4 7 5 13 -7 10 8 -10 -11 -12 -13 -14 -15 -16
leaf_value=0 -2.872549143403482e-05 0 -0.0036324550235187188 0 0 2.1279706772902067e-06 4.5268223818707272e-06 -0.0013320616421742108 0.00092696331297145924 6.4580093782035613e-05 -0.00035540773009334268 1.6240602688891317e-06 0 0 -0.00037148576799502013
leaf_weight=32450 358 14005 7675 30687 11616 462 870 11295 31872 19647 9599 60 16392 12043 969
leaf_count=32450 358 14005 7675 30687 11616 462 870 11295 31872 19647 9599 60 16392 12043 969
internal_value=0.00260685 0.00521327 -0.00112183 0.00237657 0.00855391 0.00408938 -0.00628688 -0.000257487 -0.00105706 0.00100578 -0.00525265 0.000735466 0.0070655 0.0104662 -0.0144461
internal_weight=200000 117715 82285 63659 54056 31149 11796 70489 43167 27322 10469 32510 30397 23659 1327
internal_count=200000 117715 82285 63659 54056 31149 11796 70489 43167 27322 10469 32510 30397 23659 1327
is_linear=0
shrinkage=0.03


Tree=41
num_leaves=16
num_cat=0
split_feature=40 10 40 7 29 40 6 34 28 40 40 36 29 39 40
split_gain=2157.48 1240.22 407.711 198.364 170.954 113.297 107.089 78.4967 79.5152 58.8457 53.3574 42.9306 24.1032 20.8199 16.082
threshold=0.0083537800237536448 0.36054041981697088 0.21087211370468142 1.0000000180025095e-35 0.30357143282890325 1.0000000180025095e-35 1.0000000180025095e-35 1.0000000180025095e-35 0.92857143282890331 0.016057942062616352 1.0000000180025095e-35 0.25000000745058065 0.37500000000000006 0.48749999701976782 0.018265789374709133
decision_type=2 2 2 2 2 2 2 2 2 2 2 2 2 2 2
left_child=1 3 6 10 11 -5 14 13 -9 -8 -1 -3 -6 -4 -2
right_child=2 4 7 5 12 -7 9 8 -10 -11 -12 -13 -14 -15 -16
leaf_value=0 -4.1946803006014453e-05 0 0.017404259098036858 0 0 2.0641315569715002e-06 4.3910177104146151e-06 -4.9641136566980362e-05 0.044546816579302422 -0.0003447454981905424 1.5753384608224575e-06 0 0 0.061766462520126693 -0.00053619207908922497
leaf_weight=32450 525 14005 784 30687 11616 462 870 68325 1215 9599 60 16392 12043 165 802
leaf_count=32450 525 14005 784 30687 11616 462 870 68325 1215 9599 60 16392 12043 165 802
internal_value=0.00260715 0.00521225 -0.00111965 0.00237468 0.00855391 0.00408552 -0.00628179 -0.000255785 -0.000372735 -0.00526411 0.000735466 0.0070655 0.0104662 0.00831401 -0.0143105
internal_weight=200000 117715 82285 63659 54056 31149 11796 70489 69540 10469 32510 30397 23659 949 1327
internal_count=200000 117715 82285 63659 54056 31149 11796 70489 69540 10469 32510 30397 23659 949 1327
is_linear=0
shrinkage=0.03


Tree=42
num_leaves=16
num_cat=0
split_feature=40 10 40 7 29 40 6 40 40 40 40 40 36 29 40
split_gain=2140.62 1240.22 391.7 198.364 170.954 113.297 105.662 77.2128 273.961 78.8042 56.965 53.3574 42.9306 24.1032 16.4601
threshold=0.0083537800237536448 0.36054041981697088 0.21087211370468142 1.0000000180025095e-35 0.30357143282890325 1.0000000180025095e-35 1.0000000180025095e-35 1.0553724169731142 1.3036422133445742 0.55894470214843761 0.016057942062616352 1.0000000180025095e-35 0.25000000745058065 0.37500000000000006 0.018265789374709133
decision_type=2 2 2 2 2 2 2 2 2 2 2 2 2 2 2
left_child=1 3 6 11 12 -5 14 9 -9 -4 -8 -1 -3 -6 -2
right_child=2 4 7 5 13 -7 10 8 -10 -11 -12 -13 -14 -15 -16
leaf_value=0 -4.0688398915834001e-05 0 -0.0035219921387161478 0 0 2.0022076102623553e-06 4.2592871791021897e-06 -0.0013722884318582897 0.0007076933263179024 6.3043425974513407e-05 -0.00033440313324482613 1.528078306997784e-06 0 0 -0.00052010631671654817
leaf_weight=32450 525 14005 7675 30687 11616 462 870 9633 32868 20313 9599 60 16392 12043 802
leaf_count=32450 525 14005 7675 30687 11616 462 870 9633 32868 20313 9599 60 16392 12043 802
internal_value=0.00261735 0.00521225 -0.00109485 0.00237468 0.00855391 0.00408552 -0.00615463 -0.000248124 -0.00105386 0.000975418 -0.00514376 0.000735466 0.0070655 0.0104662 -0.0141296
internal_weight=200000 117715 82285 63659 54056 31149 11796 70489 42501 27988 10469 32510 30397 23659 1327
internal_count=200000 117715 82285 63659 54056 31149 11796 70489 42501 27988 10469 32510 30397 23659 1327
is_linear=0
shrinkage=0.03


Tree=43
num_leaves=16
num_cat=0
split_feature=40 10 40 7 29 40 6 28 40 40 40 36 29 29 40
split_gain=2131.38 1240.59 374.243 198.136 170.954 111.339 106.637 75.0171 91.5675 72.7039 53.3574 42.9306 25.3395 24.1032 16.6508
threshold=0.0083537800237536448 0.36054041981697088 0.21087211370468142 1.0000000180025095e-35 0.30357143282890325 1.0000000180025095e-35 1.0000000180025095e-35 0.92857143282890331 1.0553724169731142 0.018265789374709133 1.0000000180025095e-35 0.25000000745058065 0.94642856717109691 0.37500000000000006 0.018265789374709133
decision_type=2 2 2 2 2 2 2 2 2 2 2 2 2 2 2
left_child=1 3 6 10 11 -5 14 8 -4 -8 -1 -3 -9 -6 -2
right_child=2 4 7 5 13 -7 9 12 -10 -11 -12 -13 -14 -15 -16
leaf_value=0 -3.9467746948359007e-05 0 3.2352717137747214e-05 0 0 1.9421413819544847e-06 4.3811109877745468e-06 0.032041601527775763 -0.0010161064000439746 -0.00034905963742671556 1.4822359577878504e-06 0 0.21065761137807773 0 -0.00050450312721505176
leaf_weight=32450 525 14005 27972 30687 11616 462 1145 1083 41302 9324 60 16392 132 12043 802
leaf_count=32450 525 14005 27972 30687 11616 462 1145 1083 41302 9324 60 16392 132 12043 802
internal_value=0.00262245 0.00521174 -0.00108173 0.00237374 0.00855391 0.0040836 -0.00602747 -0.000254082 -0.000383694 -0.00501194 0.000735466 0.0070655 0.0071358 0.0104662 -0.0140392
internal_weight=200000 117715 82285 63659 54056 31149 11796 70489 69274 10469 32510 30397 1215 23659 1327
internal_count=200000 117715 82285 63659 54056 31149 11796 70489 69274 10469 32510 30397 1215 23659 1327
is_linear=0
shrinkage=0.03


Tree=44
num_leaves=16
num_cat=0
split_feature=40 10 40 7 29 40 6 34 28 40 40 36 29 39 40
split_gain=2129.06 1240.97 372.378 197.908 170.954 109.398 103.457 73.8868 75.3165 72.7039 53.3574 42.9306 24.1032 20.0921 16.48
threshold=0.0083537800237536448 0.36054041981697088 0.21087211370468142 1.0000000180025095e-35 0.30357143282890325 1.0000000180025095e-35 1.0000000180025095e-35 1.0000000180025095e-35 0.92857143282890331 0.018265789374709133 1.0000000180025095e-35 0.25000000745058065 0.37500000000000006 0.50892856717109691 0.018265789374709133
decision_type=2 2 2 2 2 2 2 2 2 2 2 2 2 2 2
left_child=1 3 6 10 11 -5 14 13 -9 -8 -1 -3 -6 -4 -2
right_child=2 4 7 5 12 -7 9 8 -10 -11 -12 -13 -14 -15 -16
leaf_value=0 -3.8283714539908246e-05 0 0.016796880818771863 0 0 1.8838771404958499e-06 4.249677658141326e-06 -4.8586310733863044e-05 0.042227933236300544 -0.0003385878483039141 1.4377688790542149e-06 0 0 0.061975107079284837 -0.0004893680333986003
leaf_weight=32450 525 14005 808 30687 11616 462 1145 68325 1215 9324 60 16392 12043 141 802
leaf_count=32450 525 14005 808 30687 11616 462 1145 68325 1215 9324 60 16392 12043 141 802
internal_value=0.00262335 0.00521123 -0.00107881 0.0023728 0.00855391 0.00408167 -0.00601221 -0.000253231 -0.000366695 -0.00501194 0.000735466 0.0070655 0.0104662 0.00806112 -0.0139035
internal_weight=200000 117715 82285 63659 54056 31149 11796 70489 69540 10469 32510 30397 23659 949 1327
internal_count=200000 117715 82285 63659 54056 31149 11796 70489 69540 10469 32510 30397 23659 949 1327
is_linear=0
shrinkage=0.03


Tree=45
num_leaves=16
num_cat=0
split_feature=40 10 40 7 29 40 6 40 40 40 40 40 36 29 40
split_gain=2123.28 1241.35 370.519 197.681 170.954 107.475 98.1328 72.5774 261.097 76.6019 71.7558 53.3574 42.9306 24.1032 17.0056
threshold=0.0083537800237536448 0.36054041981697088 0.21087211370468142 1.0000000180025095e-35 0.30357143282890325 1.0000000180025095e-35 1.0000000180025095e-35 1.0553724169731142 1.3606827855110171 0.55894470214843761 0.018265789374709133 1.0000000180025095e-35 0.25000000745058065 0.37500000000000006 0.010374342557042839
decision_type=2 2 2 2 2 2 2 2 2 2 2 2 2 2 2
left_child=1 3 6 11 12 -5 14 9 -9 -4 -8 -1 -3 -6 -2
right_child=2 4 7 5 13 -7 10 8 -10 -11 -12 -13 -14 -15 -16
leaf_value=0 -2.2904238364546138e-06 0 -0.0034158453667467799 0 0 1.8273608262809747e-06 4.1221873283970965e-06 -0.0013907280174810417 0.00084024099673639645 6.1202179853739677e-05 -0.00032843021285479667 1.3946358126825883e-06 0 0 -0.00012601174030270972
leaf_weight=32450 89 14005 7675 30687 11616 462 1145 10629 31872 20313 9324 60 16392 12043 1238
leaf_count=32450 89 14005 7675 30687 11616 462 1145 10629 31872 20313 9324 60 16392 12043 1238
internal_value=0.00262635 0.00521072 -0.00107079 0.00237186 0.00855391 0.00407975 -0.00599186 -0.000247273 -0.00102845 0.000938974 -0.00501767 0.000735466 0.0070655 0.0104662 -0.0136775
internal_weight=200000 117715 82285 63659 54056 31149 11796 70489 42501 27988 10469 32510 30397 23659 1327
internal_count=200000 117715 82285 63659 54056 31149 11796 70489 42501 27988 10469 32510 30397 23659 1327
is_linear=0
shrinkage=0.03


Tree=46
num_leaves=16
num_cat=0
split_feature=40 10 40 7 29 40 6 40 34 28 40 36 29 27 40
split_gain=2127.72 1241.35 368.003 197.681 170.954 107.475 94.9548 70.8139 70.6133 70.3937 53.3574 42.9306 24.1032 20.677 18.1952
threshold=0.0083537800237536448 0.36054041981697088 0.21087211370468142 1.0000000180025095e-35 0.30357143282890325 1.0000000180025095e-35 1.0000000180025095e-35 0.018265789374709133 1.0000000180025095e-35 0.92857143282890331 1.0000000180025095e-35 0.25000000745058065 0.37500000000000006 0.70386826992034923 0.018265789374709133
decision_type=2 2 2 2 2 2 2 2 2 2 2 2 2 2 2
left_child=1 3 6 10 11 -5 14 -8 13 -10 -1 -3 -6 -4 -2
right_child=2 4 8 5 12 -7 7 -9 9 -11 -12 -13 -14 -15 -16
leaf_value=0 -3.4369536152899004e-05 0 0.026578393334148208 0 0 1.7725400014925455e-06 3.9985217085452066e-06 -0.00031857730646915275 -4.6447473986993173e-05 0.040935888009309432 1.3527967383021108e-06 0 0 0.0070094686565916739 -0.00047090664018756094
leaf_weight=32450 525 14005 565 30687 11616 462 1145 9324 68325 1215 60 16392 12043 384 802
leaf_count=32450 525 14005 565 30687 11616 462 1145 9324 68325 1215 60 16392 12043 384 802
internal_value=0.00262365 0.00521072 -0.00107735 0.00237186 0.00855391 0.00407975 -0.00598169 -0.0050234 -0.000256636 -0.000367558 0.000735466 0.0070655 0.0104662 0.00787144 -0.0135418
internal_weight=200000 117715 82285 63659 54056 31149 11796 10469 70489 69540 32510 30397 23659 949 1327
internal_count=200000 117715 82285 63659 54056 31149 11796 10469 70489 69540 32510 30397 23659 949 1327
is_linear=0
shrinkage=0.03


Tree=47
num_leaves=16
num_cat=0
split_feature=40 10 40 7 29 40 6 40 40 40 40 40 36 29 40
split_gain=2122.79 1241.35 368.335 197.681 170.954 107.475 93.9495 70.8139 70.6994 252.838 75.5763 53.3574 42.9306 24.1032 18.7788
threshold=0.0083537800237536448 0.36054041981697088 0.21087211370468142 1.0000000180025095e-35 0.30357143282890325 1.0000000180025095e-35 1.0000000180025095e-35 0.018265789374709133 1.0553724169731142 1.3606827855110171 0.55894470214843761 1.0000000180025095e-35 0.25000000745058065 0.37500000000000006 0.018265789374709133
decision_type=2 2 2 2 2 2 2 2 2 2 2 2 2 2 2
left_child=1 3 6 11 12 -5 14 -8 10 -10 -4 -1 -3 -6 -2
right_child=2 4 8 5 13 -7 7 -9 9 -11 -12 -13 -14 -15 -16
leaf_value=0 -3.3338450068312024e-05 0 -0.0033119765815247666 0 0 1.7193638014477692e-06 3.878566057288826e-06 -0.00030901998727507821 -0.0013476127527370005 0.0008115899721194581 5.930204086910865e-05 1.3122128361530473e-06 0 0 -0.00045677944098193406
leaf_weight=32450 525 14005 7675 30687 11616 462 1145 9324 10629 31872 20313 60 16392 12043 802
leaf_count=32450 525 14005 7675 30687 11616 462 1145 9324 10629 31872 20313 60 16392 12043 802
internal_value=0.00262665 0.00521072 -0.00107006 0.00237186 0.00855391 0.00407975 -0.0059766 -0.0050234 -0.000248975 -0.00101998 0.000921824 0.000735466 0.0070655 0.0104662 -0.0134966
internal_weight=200000 117715 82285 63659 54056 31149 11796 10469 70489 42501 27988 32510 30397 23659 1327
internal_count=200000 117715 82285 63659 54056 31149 11796 10469 70489 42501 27988 32510 30397 23659 1327
is_linear=0
shrinkage=0.03


Tree=48
num_leaves=16
num_cat=0
split_feature=40 10 40 7 29 40 6 40 39 40 40 36 29 40 0
split_gain=2127.72 1241.35 365.717 197.681 170.954 107.475 89.733 68.9488 66.9033 72.775 53.3574 42.9306 24.1032 18.2162 12.3567
threshold=0.0083537800237536448 0.36054041981697088 0.21087211370468142 1.0000000180025095e-35 0.30357143282890325 1.0000000180025095e-35 1.0000000180025095e-35 0.018265789374709133 0.79999998211860668 1.0553724169731142 1.0000000180025095e-35 0.25000000745058065 0.37500000000000006 0.018265789374709133 2.5000000000000004
decision_type=2 2 2 2 2 2 2 2 2 2 2 2 2 2 2
left_child=1 3 6 10 11 -5 13 -8 9 -4 -1 -3 -6 -2 -10
right_child=2 4 8 5 12 -7 7 -9 14 -11 -12 -13 -14 -15 -16
leaf_value=0 -3.2338296566262678e-05 0 2.9593169035804047e-05 0 0 1.6677828874043363e-06 3.762209075570174e-06 -0.00029974938765682584 0.31160693926993838 -0.00085374307810738993 1.2728464510684559e-06 0 0 -0.00044307605775247613 0.095050145562850047
leaf_weight=32450 525 14005 27987 30687 11616 462 1145 9324 78 42227 60 16392 12043 802 197
leaf_count=32450 525 14005 27987 30687 11616 462 1145 9324 78 42227 60 16392 12043 802 197
internal_value=0.00262365 0.00521072 -0.00107735 0.00237186 0.00855391 0.00407975 -0.00596643 -0.00503486 -0.000259189 -0.000317031 0.000735466 0.0070655 0.0104662 -0.0133157 0.0145091
internal_weight=200000 117715 82285 63659 54056 31149 11796 10469 70489 70214 32510 30397 23659 1327 275
internal_count=200000 117715 82285 63659 54056 31149 11796 10469 70489 70214 32510 30397 23659 1327 275
is_linear=0
shrinkage=0.03


Tree=49
num_leaves=16
num_cat=0
split_feature=40 10 40 7 29 40 6 39 40 40 40 36 29 40 0
split_gain=2113.39 1242.49 351.305 196.998 170.954 101.807 90.3828 66.8725 71.2991 65.5625 53.3574 42.9306 24.1032 21.4836 12.3567
threshold=0.0083537800237536448 0.36054041981697088 0.21087211370468142 1.0000000180025095e-35 0.30357143282890325 1.0000000180025095e-35 1.0000000180025095e-35 0.79999998211860668 0.99559384584426891 0.018265789374709133 1.0000000180025095e-35 0.25000000745058065 0.37500000000000006 0.010374342557042839 2.5000000000000004
decision_type=2 2 2 2 2 2 2 2 2 2 2 2 2 2 2
left_child=1 3 6 10 11 -5 13 8 -4 -8 -1 -3 -6 -2 -9
right_child=2 4 7 5 12 -7 9 14 -10 -11 -12 -13 -14 -15 -16
leaf_value=0 7.7967736226321196e-07 0 0.00040356152934073615 0 0 1.6177494007822062e-06 3.6493428033030662e-06 0.3022587310918402 -8.3341278391634398e-05 -0.00029075690602712109 1.2346610575364021e-06 0 0 -0.00010500860660688389 0.092198641195964562
leaf_weight=32450 89 14005 21328 30687 11616 462 1145 78 48886 9324 60 16392 12043 1238 197
leaf_count=32450 89 14005 21328 30687 11616 462 1145 78 48886 9324 60 16392 12043 1238 197
internal_value=0.00263085 0.00520919 -0.00105767 0.00236903 0.00855391 0.00407397 -0.00584944 -0.000255785 -0.000313613 -0.00491451 0.000735466 0.0070655 0.0104662 -0.0132253 0.0145091
internal_weight=200000 117715 82285 63659 54056 31149 11796 70489 70214 10469 32510 30397 23659 1327 275
internal_count=200000 117715 82285 63659 54056 31149 11796 70489 70214 10469 32510 30397 23659 1327 275
is_linear=0
shrinkage=0.03


end of trees

feature_importances:
Column_40=369
Column_29=101
Column_10=56
Column_6=49
Column_36=49
Column_8=47
Column_7=22
Column_39=17
Column_28=11
Column_0=8
Column_17=4
Column_34=4
Column_14=3
Column_9=2
Column_13=2
Column_37=2
Column_12=1
Column_27=1
Column_35=1

parameters:
[boosting: gbdt]
[objective: regression_l1]
[metric: l1]
[tree_learner: serial]
[device_type: cpu]
[data_sample_strategy: bagging]
[data: ]
[valid: ]
[num_iterations: 50]
[learning_rate: 0.03]
[num_leaves: 16]
[num_threads: 4]
[seed: 20260910]
[deterministic: 1]
[force_col_wise: 1]
[force_row_wise: 0]
[histogram_pool_size: -1]
[max_depth: 4]
[min_data_in_leaf: 50]
[min_sum_hessian_in_leaf: 0.001]
[bagging_fraction: 1]
[pos_bagging_fraction: 1]
[neg_bagging_fraction: 1]
[bagging_freq: 0]
[bagging_seed: 11424]
[bagging_by_query: 0]
[feature_fraction: 1]
[feature_fraction_bynode: 1]
[feature_fraction_seed: 17335]
[extra_trees: 0]
[extra_seed: 1225]
[early_stopping_round: 0]
[early_stopping_min_delta: 0]
[first_metric_only: 0]
[max_delta_step: 0]
[lambda_l1: 0]
[lambda_l2: 0]
[linear_lambda: 0]
[min_gain_to_split: 0]
[drop_rate: 0.1]
[max_drop: 50]
[skip_drop: 0.5]
[xgboost_dart_mode: 0]
[uniform_drop: 0]
[drop_seed: 7987]
[top_rate: 0.2]
[other_rate: 0.1]
[min_data_per_group: 100]
[max_cat_threshold: 32]
[cat_l2: 10]
[cat_smooth: 10]
[max_cat_to_onehot: 4]
[top_k: 20]
[monotone_constraints: ]
[monotone_constraints_method: basic]
[monotone_penalty: 0]
[feature_contri: ]
[forcedsplits_filename: ]
[refit_decay_rate: 0.9]
[cegb_tradeoff: 1]
[cegb_penalty_split: 0]
[cegb_penalty_feature_lazy: ]
[cegb_penalty_feature_coupled: ]
[path_smooth: 0]
[interaction_constraints: ]
[verbosity: -1]
[saved_feature_importance_type: 0]
[use_quantized_grad: 0]
[num_grad_quant_bins: 4]
[quant_train_renew_leaf: 0]
[stochastic_rounding: 1]
[linear_tree: 0]
[max_bin: 255]
[max_bin_by_feature: ]
[min_data_in_bin: 3]
[bin_construct_sample_cnt: 200000]
[data_random_seed: 5053]
[is_enable_sparse: 1]
[enable_bundle: 1]
[use_missing: 1]
[zero_as_missing: 0]
[feature_pre_filter: 1]
[pre_partition: 0]
[two_round: 0]
[header: 0]
[label_column: ]
[weight_column: ]
[group_column: ]
[ignore_column: ]
[categorical_feature: ]
[forcedbins_filename: ]
[precise_float_parser: 0]
[parser_config_file: ]
[objective_seed: 1448]
[num_class: 1]
[is_unbalance: 0]
[scale_pos_weight: 1]
[sigmoid: 1]
[boost_from_average: 1]
[reg_sqrt: 0]
[alpha: 0.9]
[fair_c: 1]
[poisson_max_delta_step: 0.7]
[tweedie_variance_power: 1.5]
[lambdarank_truncation_level: 30]
[lambdarank_norm: 1]
[label_gain: ]
[lambdarank_position_bias_regularization: 0]
[eval_at: ]
[multi_error_top_k: 1]
[auc_mu_weights: ]
[num_machines: 1]
[local_listen_port: 12400]
[time_out: 120]
[machine_list_filename: ]
[machines: ]
[gpu_platform_id: -1]
[gpu_device_id: -1]
[gpu_use_dp: 0]
[num_gpu: 1]

end of parameters

pandas_categorical:null
