tree
version=v4
num_class=1
num_tree_per_iteration=1
label_index=0
max_feature_idx=41
objective=regression_l1
feature_names=Column_0 Column_1 Column_2 Column_3 Column_4 Column_5 Column_6 Column_7 Column_8 Column_9 Column_10 Column_11 Column_12 Column_13 Column_14 Column_15 Column_16 Column_17 Column_18 Column_19 Column_20 Column_21 Column_22 Column_23 Column_24 Column_25 Column_26 Column_27 Column_28 Column_29 Column_30 Column_31 Column_32 Column_33 Column_34 Column_35 Column_36 Column_37 Column_38 Column_39 Column_40 Column_41
feature_infos=[1:7] [0:80] [0:84] [0:84] [0:81] [0:80] [0:75.857139587402344] [0:70.071426391601562] [0:68.714286804199219] [0:37.572242736816406] [0:26.816909790039062] [0:1] [-35.75:11.714285850524902] [0.05000000074505806:30.979999542236328] [-0.96118015050888062:24.760000228881836] [-0.96118015050888062:24.760000228881836] [-0.97492802143096924:0.97492790222167969] [-0.90096884965896606:1] [-1:-0.86602520942687988] [-0.49999991059303284:0.50000029802322388] [0:1] [0:3] [0:1] [0:6] [0:2] [0:9] [0:2] [0.68844747543334961:0.71772086620330811] [0:1] [0:1] [1:85] [0:1] [0.59574466943740845:12.44444465637207] [0:43.900001525878906] [0:41] [0:37.799999237060547] [0:40.214286804199219] [0:36.046428680419922] [0:32.708927154541016] [0:0.98571425676345825] [0:87.198501586914062] [0.0041084680706262589:0.96309226751327515]
tree_sizes=1510 1591 1592 1563 1580 1557 1555 1560 1536 1535 1538 1534 1535 1536 1536 1529 1540 1535 1532 1526 1536 1532 1532 1533 1530 1533 1530 1537 1529 1535 1531 1539 1528 1532 1520 1528 1529 1545 1532 1529 1531 1531 1548 1549 1553 1550 1529 1520 1515 1516

Tree=0
num_leaves=16
num_cat=0
split_feature=40 41 40 41 41 41 41 41 41 41 41 33 36 41 41
split_gain=2927.14 1396.41 789.504 521.316 348.793 198.549 182.092 175.12 72.9728 55.9197 47.4137 31.8284 27.2607 24.5794 10.1216
threshold=1.0000000180025095e-35 0.17878168076276782 0.083521272987127318 0.59788936376571666 0.21851146966218951 0.45056347548961645 0.074735593050718321 0.32859426736831671 0.39282412827014929 0.73569414019584667 0.2392067760229111 0.15000000223517421 0.16428571939468387 0.39495432376861578 0.042139187455177314
decision_type=2 2 2 2 2 2 2 2 2 2 2 2 2 2 2
left_child=1 6 4 5 11 -4 14 10 -6 -5 -3 -2 -8 -9 -1
right_child=2 7 3 9 8 -7 12 13 -10 -11 -12 -13 -14 -15 -16
leaf_value=0 -0.00011530953808687627 0 -0.002421341612935066 0.032630907297134401 -0.00026453004218637941 0.0019737084209918974 0 0 -0.00013233306817710399 0.11925465703010558 0 -0.00028258681297302243 0 0 0
leaf_weight=31557 702 14515 53086 3139 5168 17809 15512 9483 2291 786 18723 1643 14758 6283 4545
leaf_count=31557 702 14515 53086 3139 5168 17809 15512 9483 2291 786 18723 1643 14758 6283 4545
internal_value=0.0019551 0.00506336 -0.00228269 -0.00123376 -0.0102876 -0.00182298 0.00222745 0.00890438 -0.00711489 0.00940892 0.00766923 -0.0203795 0.00394351 0.0115083 0.000788599
internal_weight=200000 115376 84624 74820 9804 70895 66372 49004 7459 3925 33238 2345 30270 15766 36102
internal_count=200000 115376 84624 74820 9804 70895 66372 49004 7459 3925 33238 2345 30270 15766 36102
is_linear=0
shrinkage=0.03


Tree=1
num_leaves=16
num_cat=0
split_feature=40 41 41 40 40 40 41 41 41 41 40 40 41 34 8
split_gain=2867.91 1402.56 654.056 464.917 287.668 255.098 242.489 217.187 182.092 174.434 85.4963 70.8803 49.6293 45.4181 0.239472
threshold=0.00013099954230710867 0.17878168076276782 0.45056347548961645 0.083521272987127318 1.0000000180025095e-35 1.0016598105430605 0.59788936376571666 0.21851146966218951 0.074735593050718321 0.27935209870338445 1.0000000180025095e-35 1.0000000180025095e-35 0.73569414019584667 1.0000000180025095e-35 0.52678570151329052
decision_type=2 2 2 2 2 2 2 2 2 2 2 2 2 2 2
left_child=1 4 3 7 8 -5 13 -2 -1 10 -3 -11 -8 -4 -6
right_child=2 9 6 5 14 -7 12 -9 -10 11 -12 -13 -14 -15 -16
leaf_value=0 -0.00035358810777543111 0 0.028745711768511682 -0.0024814036555588243 5.3945053165080012e-06 -0.0022918396510183811 0.031636180078983306 -0.00030677469531074166 0 0 7.5549351913650752e-06 7.6304781381622874e-06 0.11567701731920242 0.0013269367083907128 3.3491023624264927e-06
leaf_weight=36102 1919 23444 477 21425 290 31661 3145 6324 30270 25560 152 171 786 18218 56
leaf_count=36102 1919 23444 477 21425 290 31661 3145 6324 30270 25560 152 171 786 18218 56
internal_value=0.00214995 0.00520557 -0.00207361 -0.00368194 0.00236968 -0.00265268 0.00228587 -0.0103106 0.00222745 0.0090413 0.00717834 0.0107497 0.00905876 0.000861728 0.0296532
internal_weight=200000 116045 83955 61329 66718 53086 22626 8243 66372 49327 23596 25731 3931 18695 346
internal_count=200000 116045 83955 61329 66718 53086 22626 8243 66372 49327 23596 25731 3931 18695 346
is_linear=0
shrinkage=0.03


Tree=2
num_leaves=16
num_cat=0
split_feature=40 41 40 41 40 41 40 41 41 41 40 41 40 33 10
split_gain=2864.04 1406.3 626.502 426.438 314.721 310.607 267.563 182.092 176.019 140.419 74.8658 59.8687 41.4559 19.5772 10.0306
threshold=0.00090574257774278532 0.17878168076276782 0.15415346622467044 0.50752899050712597 1.0000000180025095e-35 0.21637085825204852 1.0043739080429079 0.074735593050718321 0.30011835694313055 0.64400261640548717 1.0000000180025095e-35 0.37836536765098577 1.0000000180025095e-35 0.15000000223517421 0.48903755843639379
decision_type=2 2 2 2 2 2 2 2 2 2 2 2 2 2 2
left_child=1 4 5 6 7 13 -4 -1 10 -5 -3 -7 -10 -2 -6
right_child=2 8 3 9 14 11 -8 -9 12 -11 -12 -13 -14 -15 -16
leaf_value=0 -0.00035397165417100769 0 0.00023745533955842255 0.0056569231844991446 5.9346272673105873e-06 -0.00040070987890753894 -0.0020850757552161809 0 0 0.061113197553277016 7.4015637940174202e-06 -0.0004518637795681134 7.6281569092752759e-06 -0.00039524904583243189 5.702580064200446e-06
leaf_weight=36102 499 27763 21823 9964 376 5585 38012 30270 21241 2355 276 3972 295 1411 56
leaf_count=36102 499 27763 21823 9964 376 5585 38012 30270 21241 2355 276 3972 295 1411 56
internal_value=0.00219135 0.00523445 -0.00204386 -0.00100868 0.00239357 -0.0085576 -0.00205515 0.00222745 0.00906263 0.00407419 0.00749599 -0.00635032 0.0111023 -0.0196021 0.0279167
internal_weight=200000 116379 83621 72154 66804 11467 59835 66372 49575 12319 28039 9557 21536 1910 432
internal_count=200000 116379 83621 72154 66804 11467 59835 66372 49575 12319 28039 9557 21536 1910 432
is_linear=0
shrinkage=0.03


Tree=3
num_leaves=16
num_cat=0
split_feature=40 41 40 41 40 41 40 41 41 40 41 41 41 33 10
split_gain=2828.65 1405.15 618.704 399.697 311.327 297.782 234.888 182.092 175.204 74.8658 58.913 46.7196 37.4981 22.0596 9.7968
threshold=0.00090574257774278532 0.17878168076276782 0.15415346622467044 0.59788936376571666 1.0000000180025095e-35 0.21637085825204852 1.0075234174728396 0.074735593050718321 0.30011835694313055 1.0000000180025095e-35 0.37836536765098577 0.73569414019584667 0.39282412827014929 0.15000000223517421 0.48903755843639379
decision_type=2 2 2 2 2 2 2 2 2 2 2 2 2 2 2
left_child=1 4 5 6 7 13 -4 -1 9 -3 -7 -5 -10 -2 -6
right_child=2 8 3 11 14 10 -8 -9 12 -11 -12 -13 -14 -15 -16
leaf_value=0 -0.00034335250454587746 0 0.00026803343792773784 0.029670803137847632 5.7565884492912692e-06 -0.00038868858254031274 -0.0017909806717620045 0 0 7.1795168801968978e-06 -0.00043830786618106999 0.11037331087302804 0 -0.00038339157445745894 5.5315026622744319e-06
leaf_weight=36102 499 27763 24186 3132 376 5585 44050 30270 14954 276 3972 786 6582 1411 56
leaf_count=36102 499 27763 24186 3132 376 5585 44050 30270 14954 276 3972 786 6582 1411 56
internal_value=0.00220815 0.00523239 -0.00200081 -0.000972087 0.00239267 -0.00847388 -0.00150712 0.00222745 0.009059 0.00749599 -0.00631265 0.00834609 0.011094 -0.019288 0.0277778
internal_weight=200000 116379 83621 72154 66804 11467 68236 66372 49575 28039 9557 3918 21536 1910 432
internal_count=200000 116379 83621 72154 66804 11467 68236 66372 49575 28039 9557 3918 21536 1910 432
is_linear=0
shrinkage=0.03


Tree=4
num_leaves=16
num_cat=0
split_feature=40 41 40 41 41 40 40 41 41 41 40 41 41 40 41
split_gain=2791.08 1409.28 589.453 379.189 286.516 260.054 216.032 182.092 180.092 128.031 92.0983 56.2044 37.3961 34.9373 19.644
threshold=0.0022547222906723623 0.17878168076276782 0.15415346622467044 0.50752899050712597 0.21637085825204852 1.0075234174728396 1.0000000180025095e-35 0.074735593050718321 0.30011835694313055 0.67745831608772289 0.00090574257774278532 0.37836536765098577 0.39282412827014929 1.0000000180025095e-35 0.11634425818920137
decision_type=2 2 2 2 2 2 2 2 2 2 2 2 2 2 2
left_child=1 6 4 5 14 -4 7 -1 13 -5 -8 -6 -10 -3 -2
right_child=2 8 3 9 11 -7 10 -9 12 -11 -12 -13 -14 -15 -16
leaf_value=0 -0.00037504253330693357 0 0.00016797679584241881 0.006391262141905849 -0.00041597313895566917 -0.0020339079910713116 5.5632447931450397e-06 0 0 0.076753625400890452 -1.0760374462774374e-06 -0.00046117655045874948 0 6.6149040260778228e-06 -0.00042302102203533763
leaf_weight=36102 474 27763 22137 10748 5442 37698 432 30270 15040 1571 113 3921 6618 375 1296
leaf_count=36102 474 27763 22137 10748 5442 37698 432 30270 15040 1571 113 3921 6618 375 1296
internal_value=0.00223185 0.00522564 -0.00196345 -0.000972087 -0.00838857 -0.00195889 0.00238191 0.00222745 0.00904711 0.00382093 0.0211927 -0.00629606 0.0111035 0.00746428 -0.0194576
internal_weight=200000 116713 83287 72154 11133 59835 66917 66372 49796 12319 545 9363 21658 28138 1770
internal_count=200000 116713 83287 72154 11133 59835 66917 66372 49796 12319 545 9363 21658 28138 1770
is_linear=0
shrinkage=0.03


Tree=5
num_leaves=16
num_cat=0
split_feature=40 41 40 41 41 40 41 41 40 41 41 41 40 41 41
split_gain=2771.61 1410.79 593.691 354.617 286.516 238.63 212.948 180.092 160.169 98.0341 56.2044 37.3961 34.9373 19.644 8.0355
threshold=0.0022547222906723623 0.17878168076276782 0.15415346622467044 0.53295657038688671 0.21637085825204852 1.0102376937866213 0.067907188087701811 0.30011835694313055 1.0000000180025095e-35 0.67745831608772289 0.37836536765098577 0.39282412827014929 1.0000000180025095e-35 0.11634425818920137 0.042139187455177314
decision_type=2 2 2 2 2 2 2 2 2 2 2 2 2 2 2
left_child=1 6 4 5 13 -4 14 12 -8 -5 -6 -9 -3 -2 -1
right_child=2 7 3 9 10 -7 8 11 -10 -11 -12 -13 -14 -15 -16
leaf_value=0 -0.00036379125730772556 0 0.00011378989276503116 0.0084508337320897443 -0.00040349394478699906 -0.0018883344953541208 0 0 2.868404834016913e-06 0.074451016638863721 -0.00044734125394498697 0 6.4164569052954876e-06 -0.00041033039137427748 0
leaf_weight=31561 474 27763 23395 7414 5442 39774 31775 15040 513 1571 3921 6618 375 1296 3068
leaf_count=31561 474 27763 23395 7414 5442 39774 31775 15040 513 1571 3921 6618 375 1296 3068
internal_value=0.00224025 0.00522358 -0.0019404 -0.000945478 -0.00838857 -0.00173867 0.00237832 0.00904711 0.00413095 0.00463105 -0.00629606 0.0111035 0.00746428 -0.0194576 0.000744174
internal_weight=200000 116713 83287 72154 11133 63169 66917 49796 32288 8985 9363 21658 28138 1770 34629
internal_count=200000 116713 83287 72154 11133 63169 66917 49796 32288 8985 9363 21658 28138 1770 34629
is_linear=0
shrinkage=0.03


Tree=6
num_leaves=16
num_cat=0
split_feature=40 41 40 41 41 41 40 41 40 41 41 41 40 41 41
split_gain=2750.08 1410.28 597.746 335.808 286.795 212.948 205.496 180.303 160.169 56.5701 45.0215 37.3961 33.7351 19.644 8.0355
threshold=0.0022547222906723623 0.17878168076276782 0.15415346622467044 0.59788936376571666 0.21637085825204852 0.067907188087701811 1.0130025148391726 0.30011835694313055 1.0000000180025095e-35 0.37836536765098577 0.73569414019584667 0.39282412827014929 1.0000000180025095e-35 0.11634425818920137 0.042139187455177314
decision_type=2 2 2 2 2 2 2 2 2 2 2 2 2 2 2
left_child=1 5 4 6 13 14 -4 12 -7 -6 -5 -9 -3 -2 -1
right_child=2 7 3 10 9 8 -8 11 -10 -11 -12 -13 -14 -15 -16
leaf_value=0 -0.00035287751958849379 0 9.3137613323033121e-05 0.027852836887997601 -0.00039138912644338914 0 -0.0016943388186420718 0 2.7823526889964061e-06 -0.00043392101632663734 0.10252597228564457 0 6.2239631981366228e-06 -0.00039802047963304917 0
leaf_weight=31561 474 27763 24850 3132 5442 31775 43386 15040 513 3921 786 6618 375 1296 3068
leaf_count=31561 474 27763 24850 3132 5442 31775 43386 15040 513 3921 786 6618 375 1296 3068
internal_value=0.00225135 0.00522307 -0.00191302 -0.00091471 -0.00838319 0.00237832 -0.00140512 0.00904591 0.00413095 -0.00628965 0.00762634 0.0111035 0.00746215 -0.0194576 0.000744174
internal_weight=200000 116713 83287 72154 11133 66917 68236 49796 32288 9363 3918 21658 28138 1770 34629
internal_count=200000 116713 83287 72154 11133 66917 68236 49796 32288 9363 3918 21658 28138 1770 34629
is_linear=0
shrinkage=0.03


Tree=7
num_leaves=16
num_cat=0
split_feature=40 41 40 41 41 40 41 41 40 41 41 41 40 8 41
split_gain=2702.14 1410.66 557.131 321.167 268.463 236.265 212.715 180.303 157.959 109.346 53.3807 37.3961 33.7351 21.4331 8.0355
threshold=0.0022547222906723623 0.17878168076276782 0.15415346622467044 0.50752899050712597 0.21429927647113803 1.0130025148391726 0.067907188087701811 0.30011835694313055 1.0000000180025095e-35 0.64400261640548717 0.37836536765098577 0.39282412827014929 1.0000000180025095e-35 1.991071403026581 0.042139187455177314
decision_type=2 2 2 2 2 2 2 2 2 2 2 2 2 2 2
left_child=1 6 4 5 13 -4 14 12 -8 -5 -6 -9 -3 -2 -1
right_child=2 7 3 9 10 -7 8 11 -10 -11 -12 -13 -14 -15 -16
leaf_value=0 -0.00032622858540762154 0 5.3432417836138891e-05 0.0049199176652821317 -0.00038108029708774623 -0.0019229176719921279 0 0 2.6988821083265143e-06 0.053198565772904299 -0.00042090338583683826 0 6.0372443021925242e-06 -0.00088253361159117301 0
leaf_weight=31561 1449 27763 22765 9964 5497 37070 31775 15040 513 2355 3921 6618 375 266 3068
leaf_count=31561 1449 27763 22765 9964 5497 37070 31775 15040 513 2355 3921 6618 375 266 3068
internal_value=0.00227685 0.00522255 -0.00185107 -0.000887269 -0.00809755 -0.00179544 0.00237742 0.00904591 0.00412909 0.00352382 -0.00610958 0.0111035 0.00746215 -0.0190146 0.000744174
internal_weight=200000 116713 83287 72154 11133 59835 66917 49796 32288 12319 9418 21658 28138 1715 34629
internal_count=200000 116713 83287 72154 11133 59835 66917 49796 32288 12319 9418 21658 28138 1715 34629
is_linear=0
shrinkage=0.03


Tree=8
num_leaves=16
num_cat=0
split_feature=40 41 40 41 41 41 40 41 40 41 41 41 36 41 41
split_gain=2670.38 1407.88 567.638 306.607 275.111 212.693 195.249 181.304 133.066 52.3217 44.1826 37.9682 31.0673 18.6737 7.73102
threshold=0.0041657907422631988 0.17878168076276782 0.15415346622467044 0.59788936376571666 0.21637085825204852 0.067907188087701811 1.0156805515289309 0.30011835694313055 1.0000000180025095e-35 0.37836536765098577 0.73569414019584667 0.39282412827014929 0.46428571641445165 0.11634425818920137 0.042139187455177314
decision_type=2 2 2 2 2 2 2 2 2 2 2 2 2 2 2
left_child=1 5 4 6 13 14 -4 12 -7 -6 -5 -9 -3 -2 -1
right_child=2 7 3 10 9 8 -8 11 -10 -11 -12 -13 -14 -15 -16
leaf_value=0 -0.00035965614981501714 0 6.6723696758168446e-05 0.025799796701270524 -0.00041757399000869581 0 -0.0016405616571557348 0 2.9066955215044431e-06 -0.00046019455861219744 0.097854236143888107 0 0 -0.0004329637606129271 0
leaf_weight=31561 437 22852 25183 3132 5276 31775 43053 15133 588 3861 786 6662 5405 1225 3071
leaf_count=31561 437 22852 25183 3132 5276 31775 43053 15133 588 3861 786 6662 5405 1225 3071
internal_value=0.00230115 0.00521944 -0.00181657 -0.000856501 -0.00823132 0.00237555 -0.00132511 0.00902601 0.00412415 -0.00618912 0.00730475 0.0110819 0.00744028 -0.0194585 0.000741511
internal_weight=200000 117047 82953 72154 10799 66995 68236 50052 32363 9137 3918 21795 28257 1662 34632
internal_count=200000 117047 82953 72154 10799 66995 68236 50052 32363 9137 3918 21795 28257 1662 34632
is_linear=0
shrinkage=0.03


Tree=9
num_leaves=16
num_cat=0
split_feature=40 41 40 41 41 41 40 41 40 41 41 41 36 41 41
split_gain=2645.18 1407.88 573.542 286.804 275.111 212.693 185.711 181.304 133.066 52.3217 39.0474 37.9682 31.0673 18.6737 7.73102
threshold=0.0041657907422631988 0.17878168076276782 0.15415346622467044 0.59788936376571666 0.21637085825204852 0.067907188087701811 1.0184006690979006 0.30011835694313055 1.0000000180025095e-35 0.37836536765098577 0.73569414019584667 0.39282412827014929 0.46428571641445165 0.11634425818920137 0.042139187455177314
decision_type=2 2 2 2 2 2 2 2 2 2 2 2 2 2 2
left_child=1 5 4 6 13 14 -4 12 -7 -6 -5 -9 -3 -2 -1
right_child=2 7 3 10 9 8 -8 11 -10 -11 -12 -13 -14 -15 -16
leaf_value=0 -0.00034886646532056656 0 4.9433394470535656e-05 0.025025802800232408 -0.00040504677030843493 0 -0.0016195059904406737 0 2.8194946558593099e-06 -0.00044638872185383152 0.094918609059571474 0 0 -0.00041997484779453931 0
leaf_weight=31561 437 22852 25515 3132 5276 31775 42721 15133 588 3861 786 6662 5405 1225 3071
leaf_count=31561 437 22852 25515 3132 5276 31775 42721 15133 588 3861 786 6662 5405 1225 3071
internal_value=0.00231495 0.00521944 -0.0017833 -0.00081825 -0.00823132 0.00237555 -0.00127147 0.00902601 0.00412415 -0.00618912 0.00707504 0.0110819 0.00744028 -0.0194585 0.000741511
internal_weight=200000 117047 82953 72154 10799 66995 68236 50052 32363 9137 3918 21795 28257 1662 34632
internal_count=200000 117047 82953 72154 10799 66995 68236 50052 32363 9137 3918 21795 28257 1662 34632
is_linear=0
shrinkage=0.03


Tree=10
num_leaves=16
num_cat=0
split_feature=40 41 40 41 41 41 40 41 40 41 41 41 36 41 41
split_gain=2635.36 1407.88 575.861 275.111 270.829 212.693 209.39 181.304 133.066 70.2918 52.3217 37.9682 31.0673 18.6737 7.73102
threshold=0.0041657907422631988 0.17878168076276782 0.15415346622467044 0.21637085825204852 0.53295657038688671 0.067907188087701811 1.0184006690979006 0.30011835694313055 1.0000000180025095e-35 0.67745831608772289 0.37836536765098577 0.39282412827014929 0.46428571641445165 0.11634425818920137 0.042139187455177314
decision_type=2 2 2 2 2 2 2 2 2 2 2 2 2 2 2
left_child=1 5 3 13 6 14 -4 12 -7 -6 -5 -9 -3 -2 -1
right_child=2 7 4 10 9 8 -8 11 -10 -11 -12 -13 -14 -15 -16
leaf_value=0 -0.00033840047136094961 0 4.2482751462859445e-05 -0.00039289536719918191 0.0076442159372686067 0 -0.0017732172614615916 0 2.7349098161835316e-06 0.06514734598525658 -0.0004329970601982166 0 0 -0.00040737560236070311 0
leaf_weight=31561 437 22852 24363 5276 7414 31775 38806 15133 588 1571 3861 6662 5405 1225 3071
leaf_count=31561 437 22852 24363 5276 7414 31775 38806 15133 588 1571 3861 6662 5405 1225 3071
internal_value=0.00232035 0.00521944 -0.00177028 -0.00823132 -0.000803282 0.00237555 -0.00149646 0.00902601 0.00412415 0.00407012 -0.00618912 0.0110819 0.00744028 -0.0194585 0.000741511
internal_weight=200000 117047 82953 10799 72154 66995 63169 50052 32363 8985 9137 21795 28257 1662 34632
internal_count=200000 117047 82953 10799 72154 66995 63169 50052 32363 8985 9137 21795 28257 1662 34632
is_linear=0
shrinkage=0.03


Tree=11
num_leaves=16
num_cat=0
split_feature=40 41 40 41 41 41 40 41 40 41 41 12 36 41 41
split_gain=2614.29 1408.26 577.79 274.16 257.672 212.46 181.702 181.304 131.187 53.0318 37.9682 33.0523 31.0673 18.9278 7.73102
threshold=0.0041657907422631988 0.17878168076276782 0.15415346622467044 0.21637085825204852 0.59788936376571666 0.067907188087701811 1.0212965011596682 0.30011835694313055 1.0000000180025095e-35 0.37836536765098577 0.39282412827014929 0.76785713434219371 0.46428571641445165 0.11634425818920137 0.042139187455177314
decision_type=2 2 2 2 2 2 2 2 2 2 2 2 2 2 2
left_child=1 5 3 13 6 14 -4 12 -7 -5 -9 -6 -3 -2 -1
right_child=2 7 4 9 11 8 -8 10 -10 -11 -12 -13 -14 -15 -16
leaf_value=0 -0.00032824845722012109 0 4.4778135449570861e-05 -0.00038110850618320647 0.020695423980793846 0 -0.0015741215372178264 0 2.652862521698025e-06 -0.00042000714839227012 0 0.062188901516853939 0 -0.00039515433428988206 0
leaf_weight=31561 437 22852 25845 5276 2333 31775 42391 15133 588 3861 6662 1585 5405 1225 3071
leaf_count=31561 437 22852 25845 5276 2333 31775 42391 15133 588 3861 6662 1585 5405 1225 3071
internal_value=0.00233145 0.00521893 -0.00174279 -0.00821465 -0.000774177 0.00237465 -0.00120376 0.00902601 0.0041223 -0.00617599 0.0110819 0.0067075 0.00744028 -0.0194224 0.000741511
internal_weight=200000 117047 82953 10799 72154 66995 68236 50052 32363 9137 21795 3918 28257 1662 34632
internal_count=200000 117047 82953 10799 72154 66995 68236 50052 32363 9137 21795 3918 28257 1662 34632
is_linear=0
shrinkage=0.03


Tree=12
num_leaves=16
num_cat=0
split_feature=40 41 40 41 41 41 41 40 40 41 41 41 36 41 41
split_gain=2580.33 1408.64 558.031 267.853 241.268 212.227 181.304 181.07 129.322 51.4606 37.9682 33.4624 31.0673 20.4499 7.73102
threshold=0.0041657907422631988 0.17878168076276782 0.17645703256130221 0.21429927647113803 0.59788936376571666 0.067907188087701811 0.30011835694313055 1.0212965011596682 1.0000000180025095e-35 0.37836536765098577 0.39282412827014929 0.73569414019584667 0.46428571641445165 0.11634425818920137 0.042139187455177314
decision_type=2 2 2 2 2 2 2 2 2 2 2 2 2 2 2
left_child=1 5 3 13 7 14 12 -4 -7 -5 -8 -6 -3 -2 -1
right_child=2 6 4 9 11 8 10 -9 -10 -11 -12 -13 -14 -15 -16
leaf_value=0 -0.00031898284728200854 0 4.9783552190874739e-05 -0.00038776418035285469 0.023264479182379852 0 0 -0.0015268978911012916 2.5732766460470838e-06 -0.0004282166452701409 0 0.088689580564061468 0 -0.00037966271265602296 0
leaf_weight=31561 443 22852 25181 5687 3130 31775 15133 42391 588 4141 6662 786 5405 1194 3071
leaf_count=31561 443 22852 25181 5687 3130 31775 15133 42391 588 4141 6662 786 5405 1194 3071
internal_value=0.00234975 0.00521842 -0.00169795 -0.00784213 -0.000712567 0.00237376 0.00902601 -0.00113213 0.00412045 -0.0059707 0.0110819 0.00652707 0.00744028 -0.0190776 0.000741511
internal_weight=200000 117047 82953 11465 71488 66995 50052 67572 32363 9828 21795 3916 28257 1637 34632
internal_count=200000 117047 82953 11465 71488 66995 50052 67572 32363 9828 21795 3916 28257 1637 34632
is_linear=0
shrinkage=0.03


Tree=13
num_leaves=16
num_cat=0
split_feature=40 41 40 41 41 40 41 41 40 41 41 41 36 10 41
split_gain=2540.79 1407.37 563.395 255.046 231.971 233.395 209.833 180.631 96.9909 80.3576 51.5305 39.9012 31.4845 18.1176 7.43275
threshold=0.0062920530326664456 0.17878168076276782 0.17645703256130221 0.21429927647113803 0.50752899050712597 1.0242218971252444 0.067907188087701811 0.30011835694313055 1.0000000180025095e-35 0.64400261640548717 0.4636219739913941 0.39282412827014929 0.46428571641445165 1.6976498961448672 0.042139187455177314
decision_type=2 2 2 2 2 2 2 2 2 2 2 2 2 2 2
left_child=1 6 3 13 5 -4 14 12 -8 -6 -5 -9 -3 -2 -1
right_child=2 7 4 10 9 -7 8 11 -10 -11 -12 -13 -14 -15 -16
leaf_value=0 -0.00031735402679471667 0 4.0036686007883374e-05 -0.00045203067338571049 0.0043458317214428678 -0.0018385751013208819 0 0 2.1149831379705212e-06 0.046812117519514369 0.02298180125642417 0 0 -0.00097730946050555425 0
leaf_weight=31561 1315 22932 23395 8509 9925 35814 31775 15260 649 2354 1073 6702 5428 234 3074
leaf_count=31561 1315 22932 23395 8509 9925 35814 31775 15260 649 2354 1073 6702 5428 234 3074
internal_value=0.00237135 0.00520817 -0.00165906 -0.00793729 -0.000681513 -0.00145974 0.00236255 0.00900024 0.00409697 0.0030711 -0.00611146 0.0110427 0.00741855 -0.0192318 0.000738848
internal_weight=200000 117381 82619 11131 71488 59209 67059 50322 32424 12279 9582 21962 28360 1549 34635
internal_count=200000 117381 82619 11131 71488 59209 67059 50322 32424 12279 9582 21962 28360 1549 34635
is_linear=0
shrinkage=0.03


Tree=14
num_leaves=16
num_cat=0
split_feature=40 41 40 41 41 41 41 40 40 41 41 39 36 41 41
split_gain=2513.62 1409.39 540.115 245.851 221.505 211.762 181.304 177.329 125.631 48.8084 37.9682 33.3385 31.0673 22.3761 7.73102
threshold=0.0041657907422631988 0.17878168076276782 0.17645703256130221 0.21429927647113803 0.59788936376571666 0.067907188087701811 0.30011835694313055 1.0267385840415957 1.0000000180025095e-35 0.37836536765098577 0.39282412827014929 0.73571428656578075 0.46428571641445165 0.11634425818920137 0.042139187455177314
decision_type=2 2 2 2 2 2 2 2 2 2 2 2 2 2 2
left_child=1 5 3 13 7 14 12 -4 -7 -5 -8 -6 -3 -2 -1
right_child=2 6 4 9 11 8 10 -9 -10 -11 -12 -13 -14 -15 -16
leaf_value=0 -0.00029753533079271134 0 3.9523207063562844e-05 -0.00036257033474069777 0.026095137425136139 0 0 -0.0015435554956716212 2.4326288525265558e-06 -0.0004794202287815351 0 0.17559510750773083 0 -0.00035393049657976599 0
leaf_weight=31561 443 22852 25845 5687 3684 31775 15133 41727 588 4141 6662 232 5405 1194 3071
leaf_count=31561 443 22852 25845 5687 3684 31775 15133 41727 588 4141 6662 232 5405 1194 3071
internal_value=0.00238605 0.00521739 -0.00160898 -0.00765373 -0.000639548 0.00237197 0.00902601 -0.00104156 0.00411674 -0.00586081 0.0110819 0.00629724 0.00744028 -0.0184178 0.000741511
internal_weight=200000 117047 82953 11465 71488 66995 50052 67572 32363 9828 21795 3916 28257 1637 34632
internal_count=200000 117047 82953 11465 71488 66995 50052 67572 32363 9828 21795 3916 28257 1637 34632
is_linear=0
shrinkage=0.03


Tree=15
num_leaves=16
num_cat=0
split_feature=40 41 40 41 41 41 41 40 40 41 41 39 36 10 41
split_gain=2520.39 1420.8 572.424 255.046 213.707 211.253 183.621 167.787 109.624 51.5305 38.0831 32.4298 31.6582 18.1176 7.81301
threshold=0.0062920530326664456 0.17878168076276782 0.17645703256130221 0.21429927647113803 0.59788936376571666 0.067907188087701811 0.30011835694313055 1.0267385840415957 1.0000000180025095e-35 0.4636219739913941 0.3907416313886643 0.73571428656578075 0.46428571641445165 1.6976498961448672 0.042139187455177314
decision_type=2 2 2 2 2 2 2 2 2 2 2 2 2 2 2
left_child=1 5 3 13 7 14 12 -4 -7 -5 -8 -6 -3 -2 -1
right_child=2 6 4 9 11 8 10 -9 -10 -11 -12 -13 -14 -15 -16
leaf_value=0 -0.00029721549109348227 0 3.8337510851655929e-05 -0.00042585334235446934 0.025312283302382055 0 0 -0.0014972488308014726 2.0286292926960484e-06 0.022306729825594892 0 0.1703272542824989 0 -0.00093821818927980049 0
leaf_weight=31561 1315 22932 25845 8509 3684 31775 15022 41727 649 1073 6940 232 5428 234 3074
leaf_count=31561 1315 22932 25845 8509 3684 31775 15022 41727 649 1073 6940 232 5428 234 3074
internal_value=0.00240525 0.00523066 -0.00160895 -0.00793729 -0.000623601 0.00237149 0.00904078 -0.00101847 0.00411177 -0.00611146 0.0111001 0.00618999 0.00744605 -0.0192318 0.000742313
internal_weight=200000 117381 82619 11131 71488 67059 50322 67572 32424 9582 21962 3916 28360 1549 34635
internal_count=200000 117381 82619 11131 71488 67059 50322 67572 32424 9582 21962 3916 28360 1549 34635
is_linear=0
shrinkage=0.03


Tree=16
num_leaves=16
num_cat=0
split_feature=40 41 40 41 41 41 40 41 40 41 41 41 36 41 41
split_gain=2507.56 1420.8 567.786 251.756 211.253 200.72 218.318 183.621 109.624 71.1642 51.7083 38.0831 31.6582 16.5348 7.81301
threshold=0.0062920530326664456 0.17878168076276782 0.17645703256130221 0.21429927647113803 0.067907188087701811 0.50752899050712597 1.0297239422798159 0.30011835694313055 1.0000000180025095e-35 0.64400261640548717 0.37836536765098577 0.3907416313886643 0.46428571641445165 0.11634425818920137 0.042139187455177314
decision_type=2 2 2 2 2 2 2 2 2 2 2 2 2 2 2
left_child=1 4 3 13 14 6 -4 12 -6 -7 -5 -9 -3 -2 -1
right_child=2 7 5 10 8 9 -8 11 -10 -11 -12 -13 -14 -15 -16
leaf_value=0 -0.00029995373096372113 0 3.2595808669014166e-05 -0.00038740182131426302 0 0.0041746670422291203 -0.0017861313837111382 0 1.9677704139151668e-06 0.043243169871100842 -0.00048751880475288796 0 0 -0.00038115140276210219 0
leaf_weight=31561 416 22932 24027 5496 31775 9925 35182 15022 649 2354 4086 6940 5428 1133 3074
leaf_count=31561 416 22932 24027 5496 31775 9925 35182 15022 649 2354 4086 6940 5428 1133 3074
internal_value=0.00241245 0.00523066 -0.00159152 -0.00789417 0.00237149 -0.000610172 -0.00133409 0.00904078 0.00411177 0.00288053 -0.00608015 0.0111001 0.00744605 -0.0191156 0.000742313
internal_weight=200000 117381 82619 11131 67059 71488 59209 50322 32424 12279 9582 21962 28360 1549 34635
internal_count=200000 117381 82619 11131 67059 71488 59209 50322 32424 12279 9582 21962 28360 1549 34635
is_linear=0
shrinkage=0.03


Tree=17
num_leaves=16
num_cat=0
split_feature=40 41 40 41 41 41 40 41 40 41 41 41 36 41 41
split_gain=2490.13 1421.18 555.529 254.136 211.021 189.87 207.578 183.621 108.002 69.0597 50.631 38.0831 31.6582 16.7862 7.81301
threshold=0.0062920530326664456 0.17878168076276782 0.17645703256130221 0.21429927647113803 0.067907188087701811 0.50752899050712597 1.0297239422798159 0.30011835694313055 1.0000000180025095e-35 0.64400261640548717 0.37836536765098577 0.3907416313886643 0.46428571641445165 0.11634425818920137 0.042139187455177314
decision_type=2 2 2 2 2 2 2 2 2 2 2 2 2 2 2
left_child=1 4 3 13 14 6 -4 12 -6 -7 -5 -9 -3 -2 -1
right_child=2 7 5 10 8 9 -8 11 -10 -11 -12 -13 -14 -15 -16
leaf_value=0 -0.00029095511903480954 0 3.161793440894376e-05 -0.00037577976667483513 0 0.0040494270309622462 -0.001732547442199804 0 1.908737301497712e-06 0.04194587477496782 -0.00047289324061030132 0 0 -0.00036971686067923911 0
leaf_weight=31561 416 22932 24027 5496 31775 9925 35182 15022 649 2354 4086 6940 5428 1133 3074
leaf_count=31561 416 22932 24027 5496 31775 9925 35182 15022 649 2354 4086 6940 5428 1133 3074
internal_value=0.00242175 0.00523015 -0.00156828 -0.00780253 0.0023706 -0.000597583 -0.00130166 0.00904078 0.00410992 0.00279746 -0.00597996 0.0111001 0.00744605 -0.0190768 0.000742313
internal_weight=200000 117381 82619 11131 67059 71488 59209 50322 32424 12279 9582 21962 28360 1549 34635
internal_count=200000 117381 82619 11131 67059 71488 59209 50322 32424 12279 9582 21962 28360 1549 34635
is_linear=0
shrinkage=0.03


Tree=18
num_leaves=16
num_cat=0
split_feature=40 41 40 41 41 41 41 40 40 41 41 39 36 41 41
split_gain=2457.79 1421.18 531.038 250.343 211.021 183.621 181.234 162.783 108.002 47.4117 38.0831 33.0461 31.6582 17.8269 7.81301
threshold=0.0062920530326664456 0.17878168076276782 0.17645703256130221 0.21637085825204852 0.067907188087701811 0.30011835694313055 0.59788936376571666 1.0326723456382754 1.0000000180025095e-35 0.37836536765098577 0.3907416313886643 0.76249998807907116 0.46428571641445165 0.11634425818920137 0.042139187455177314
decision_type=2 2 2 2 2 2 2 2 2 2 2 2 2 2 2
left_child=1 4 3 13 14 12 7 -4 -6 -5 -7 -8 -3 -2 -1
right_child=2 5 6 9 8 10 11 -9 -10 -11 -12 -13 -14 -15 -16
leaf_value=0 -0.00028222646546376519 0 3.3877892316243228e-05 -0.00036209269289763635 0 0 0.022941787033913589 -0.0014492907293434511 1.8514751824527808e-06 -0.00045870644339199231 0 0.17297957785461196 0 -0.0003610827332910166 0
leaf_weight=31561 416 22932 26510 5445 31775 15022 3695 41062 649 4086 6940 221 5428 1184 3074
leaf_count=31561 416 22932 26510 5445 31775 15022 3695 41062 649 4086 6940 221 5428 1184 3074
internal_value=0.00244005 0.00523015 -0.00152398 -0.00761926 0.0023706 0.00904078 -0.000574922 -0.000938554 0.00410992 -0.00577589 0.0111001 0.00569969 0.00744605 -0.0186 0.000742313
internal_weight=200000 117381 82619 11131 67059 50322 71488 67572 32424 9531 21962 3916 28360 1600 34635
internal_count=200000 117381 82619 11131 67059 50322 71488 67572 32424 9531 21962 3916 28360 1600 34635
is_linear=0
shrinkage=0.03


Tree=19
num_leaves=16
num_cat=0
split_feature=40 41 40 41 41 41 41 40 40 41 41 36 10 8 41
split_gain=2424.18 1428.56 538.504 242.514 206.833 188.412 171.653 150.69 71.7723 51.2109 40.0906 32.0251 29.9499 19.7043 7.80362
threshold=0.0083537800237536448 0.17878168076276782 0.17645703256130221 0.21429927647113803 0.067907188087701811 0.30011835694313055 0.59788936376571666 1.0326723456382754 1.0000000180025095e-35 0.4636219739913941 0.3907416313886643 0.46428571641445165 3.6051089763641362 1.9375000000000002 0.042139187455177314
decision_type=2 2 2 2 2 2 2 2 2 2 2 2 2 2 2
left_child=1 4 3 13 14 11 7 -4 -6 -5 -7 -3 -8 -2 -1
right_child=2 5 6 9 8 10 12 -9 -10 -11 -12 -13 -14 -15 -16
leaf_value=0 -0.00030161011650560682 0 3.2861555546755926e-05 -0.00044006880975618073 0 0 0.020953066484334454 -0.0014058120074631475 1.7458302685451214e-06 0.022446425072738734 0 0 0.22893261560810188 -0.00086349660782461567 0
leaf_weight=31561 1209 22996 26510 8273 31775 15147 3612 41062 718 1068 6988 5454 304 247 3076
leaf_count=31561 1209 22996 26510 8273 31775 15147 3612 41062 718 1068 6988 5454 304 247 3076
internal_value=0.00246255 0.00522397 -0.00148788 -0.0077327 0.00235513 0.00903114 -0.000544707 -0.000898597 0.00407442 -0.00595761 0.0111068 0.00741617 0.0055618 -0.0191209 0.00074227
internal_weight=200000 117715 82285 10797 67130 50585 71488 67572 32493 9341 22135 28450 3916 1456 34637
internal_count=200000 117715 82285 10797 67130 50585 71488 67572 32493 9341 22135 28450 3916 1456 34637
is_linear=0
shrinkage=0.03


Tree=20
num_leaves=16
num_cat=0
split_feature=40 41 40 41 41 41 41 40 40 41 41 41 36 41 41
split_gain=2410.5 1428.56 534.115 235.681 206.833 188.412 164.078 206.382 71.7723 59.1332 50.8922 40.0906 32.0251 17.431 7.80362
threshold=0.0083537800237536448 0.17878168076276782 0.17645703256130221 0.21429927647113803 0.067907188087701811 0.30011835694313055 0.50752899050712597 1.0355680584907534 1.0000000180025095e-35 0.67745831608772289 0.4636219739913941 0.3907416313886643 0.46428571641445165 0.11634425818920137 0.042139187455177314
decision_type=2 2 2 2 2 2 2 2 2 2 2 2 2 2 2
left_child=1 4 3 13 14 12 7 -4 -6 -8 -5 -7 -3 -2 -1
right_child=2 5 6 10 8 11 9 -9 -10 -11 -12 -13 -14 -15 -16
leaf_value=0 -0.00030180118487642643 0 3.0560479967444416e-05 -0.00042686674546349532 0 0 0.0044906165525304912 -0.0017299548672714681 1.6934553604887677e-06 0.050814207043256163 0.021773032320556572 0 0 -0.0003749223163165433 0
leaf_weight=31561 385 22996 24658 8273 31775 15147 10709 34551 718 1570 1068 6988 5454 1071 3076
leaf_count=31561 385 22996 24658 8273 31775 15147 10709 34551 718 1570 1068 6988 5454 1071 3076
internal_value=0.00247035 0.00522397 -0.00146892 -0.00768825 0.00235513 0.00903114 -0.000529599 -0.00118411 0.00407442 0.00262644 -0.00593834 0.0111068 0.00741617 -0.0189148 0.00074227
internal_weight=200000 117715 82285 10797 67130 50585 71488 59209 32493 12279 9341 22135 28450 1456 34637
internal_count=200000 117715 82285 10797 67130 50585 71488 59209 32493 12279 9341 22135 28450 1456 34637
is_linear=0
shrinkage=0.03


Tree=21
num_leaves=16
num_cat=0
split_feature=40 41 40 41 41 41 41 40 40 12 41 41 36 41 41
split_gain=2397.34 1429.7 534.132 234.678 206.145 188.412 153.859 197.911 68.0695 57.2553 50.1359 40.0906 32.0251 18.9085 7.80362
threshold=0.0083537800237536448 0.17878168076276782 0.17645703256130221 0.21637085825204852 0.067907188087701811 0.30011835694313055 0.50752899050712597 1.038695812225342 1.0000000180025095e-35 0.76785713434219371 0.4636219739913941 0.3907416313886643 0.46428571641445165 0.11634425818920137 0.042139187455177314
decision_type=2 2 2 2 2 2 2 2 2 2 2 2 2 2 2
left_child=1 4 3 13 14 12 7 -4 -6 -8 -5 -7 -3 -2 -1
right_child=2 5 6 10 8 11 9 -9 -10 -11 -12 -13 -14 -15 -16
leaf_value=0 -0.00029274714933013359 0 2.7782067546558949e-05 -0.00041231858098134924 0 0 0.0037794700163440984 -0.0017386864384478812 1.6426516996741046e-06 0.037346453372164364 0.021119841350939875 0 0 -0.0003673461137996037 0
leaf_weight=31561 385 22996 24974 8222 31775 15147 9944 34235 718 2335 1068 6988 5454 1122 3076
leaf_count=31561 385 22996 24974 8222 31775 15147 9944 34235 718 2335 1068 6988 5454 1122 3076
internal_value=0.00247635 0.00522244 -0.00145215 -0.00767158 0.00235245 0.00903114 -0.000512813 -0.00114662 0.00406888 0.00254337 -0.0058902 0.0111068 0.00741617 -0.018653 0.00074227
internal_weight=200000 117715 82285 10797 67130 50585 71488 59209 32493 12279 9290 22135 28450 1507 34637
internal_count=200000 117715 82285 10797 67130 50585 71488 59209 32493 12279 9290 22135 28450 1507 34637
is_linear=0
shrinkage=0.03


Tree=22
num_leaves=16
num_cat=0
split_feature=40 41 40 41 41 41 41 40 40 41 41 41 36 41 41
split_gain=2393.15 1429.7 517.136 235.788 206.145 188.412 147.477 190.633 68.0695 55.9172 48.3517 40.0906 32.0251 19.437 7.80362
threshold=0.0083537800237536448 0.17878168076276782 0.17645703256130221 0.21637085825204852 0.067907188087701811 0.30011835694313055 0.50752899050712597 1.038695812225342 1.0000000180025095e-35 0.64400261640548717 0.4636219739913941 0.3907416313886643 0.46428571641445165 0.11634425818920137 0.042139187455177314
decision_type=2 2 2 2 2 2 2 2 2 2 2 2 2 2 2
left_child=1 4 3 13 14 12 7 -4 -6 -8 -5 -7 -3 -2 -1
right_child=2 5 6 10 8 11 9 -9 -10 -11 -12 -13 -14 -15 -16
leaf_value=0 -0.00028396473485022954 0 2.694860552016223e-05 -0.00039994902355190877 0 0 0.0034788915548226284 -0.0016865258452944448 1.5933721486838813e-06 0.037465382138683077 0.020486246110411679 0 0 -0.0003563257303856156 0
leaf_weight=31561 385 22996 24974 8222 31775 15147 9925 34235 718 2354 1068 6988 5454 1122 3076
leaf_count=31561 385 22996 24974 8222 31775 15147 9925 34235 718 2354 1068 6988 5454 1122 3076
internal_value=0.00247875 0.00522244 -0.00144631 -0.00756599 0.00235245 0.00903114 -0.000522046 -0.00114256 0.00406888 0.00247007 -0.00578041 0.0111068 0.00741617 -0.0185733 0.00074227
internal_weight=200000 117715 82285 10797 67130 50585 71488 59209 32493 12279 9290 22135 28450 1507 34637
internal_count=200000 117715 82285 10797 67130 50585 71488 59209 32493 12279 9290 22135 28450 1507 34637
is_linear=0
shrinkage=0.03


Tree=23
num_leaves=16
num_cat=0
split_feature=40 41 40 41 41 41 41 40 40 41 41 10 36 41 41
split_gain=2360.45 1430.09 495.885 236.346 205.917 188.412 140.343 133.427 66.857 45.8767 40.0906 32.2367 32.0251 19.4599 7.80362
threshold=0.0083537800237536448 0.17878168076276782 0.17645703256130221 0.21637085825204852 0.067907188087701811 0.30011835694313055 0.59788936376571666 1.0418481826782229 1.0000000180025095e-35 0.37836536765098577 0.3907416313886643 3.6051089763641362 0.46428571641445165 0.11634425818920137 0.042139187455177314
decision_type=2 2 2 2 2 2 2 2 2 2 2 2 2 2 2
left_child=1 4 3 13 14 12 7 -4 -6 -5 -7 -8 -3 -2 -1
right_child=2 5 6 9 8 10 11 -9 -10 -11 -12 -13 -14 -15 -16
leaf_value=0 -0.00027544579280472273 0 2.5988763916202708e-05 -0.00036750855535689752 0 0 0.018807027609023422 -0.0014111146863821065 1.545570984223365e-06 -0.00042589847417867931 0 0.21999771922127123 0 -0.00034563595847404704 0
leaf_weight=31561 385 22996 27505 5263 31775 15147 3612 40067 718 4027 6988 304 5454 1122 3076
leaf_count=31561 385 22996 27505 5263 31775 15147 3612 40067 718 4027 6988 304 5454 1122 3076
internal_value=0.00249705 0.00522193 -0.00140111 -0.00739372 0.00235156 0.00903114 -0.000496027 -0.000816018 0.00406703 -0.00560603 0.0111068 0.00502554 0.00741617 -0.0184141 0.00074227
internal_weight=200000 117715 82285 10797 67130 50585 71488 67572 32493 9290 22135 3916 28450 1507 34637
internal_count=200000 117715 82285 10797 67130 50585 71488 67572 32493 9290 22135 3916 28450 1507 34637
is_linear=0
shrinkage=0.03


Tree=24
num_leaves=16
num_cat=0
split_feature=40 41 40 41 41 41 41 40 41 41 40 41 36 41 41
split_gain=2370.38 1447.31 512.734 212.221 203.449 194.233 134.335 180.338 53.5502 51.5088 45.314 41.3357 31.3283 18.6223 7.22009
threshold=0.010374342557042839 0.17878168076276782 0.17645703256130221 0.21429927647113803 0.067907188087701811 0.30011835694313055 0.50752899050712597 1.0418481826782229 0.73569414019584667 0.4636219739913941 1.0000000180025095e-35 0.37645918130874639 0.46428571641445165 0.11634425818920137 0.042139187455177314
decision_type=2 2 2 2 2 2 2 2 2 2 2 2 2 2 2
left_child=1 4 3 13 14 12 7 -4 -8 -5 -6 -7 -3 -2 -1
right_child=2 5 6 9 10 11 8 -9 -10 -11 -12 -13 -14 -15 -16
leaf_value=0 -0.00032598789589469412 0 2.495109186033146e-05 -0.00043491002858391447 0 0 0.0045858733970514636 -0.0016833128328549096 0.073052433554274696 0.019937739221077649 1.4954500446338743e-06 0 0 -0.0003739329085809043 0
leaf_weight=31562 349 23056 25293 8052 31775 13547 11493 33916 786 1057 789 8748 5490 1005 3082
leaf_count=31562 349 23056 25293 8052 31775 13547 11493 33916 786 1057 789 8748 5490 1005 3082
internal_value=0.00250425 0.00522546 -0.0014156 -0.00761827 0.00233633 0.00904467 -0.000507778 -0.0011 0.00234791 -0.00597102 0.00403882 0.0111429 0.00740594 -0.0187001 0.000736058
internal_weight=200000 118049 81951 10463 67208 50841 71488 59209 12279 9109 32564 22295 28546 1354 34644
internal_count=200000 118049 81951 10463 67208 50841 71488 59209 12279 9109 32564 22295 28546 1354 34644
is_linear=0
shrinkage=0.03


Tree=25
num_leaves=16
num_cat=0
split_feature=40 41 40 41 41 41 41 40 41 41 40 41 36 41 41
split_gain=2354.37 1447.69 513.522 211.184 203.222 194.233 127.021 154.624 51.2911 45.7942 44.372 41.3357 31.3283 18.8998 7.22009
threshold=0.010374342557042839 0.17878168076276782 0.17645703256130221 0.21429927647113803 0.067907188087701811 0.30011835694313055 0.53295657038688671 1.0418481826782229 0.4636219739913941 0.73569414019584667 1.0000000180025095e-35 0.37645918130874639 0.46428571641445165 0.11634425818920137 0.042139187455177314
decision_type=2 2 2 2 2 2 2 2 2 2 2 2 2 2 2
left_child=1 4 3 13 14 12 7 -4 -5 -8 -6 -7 -3 -2 -1
right_child=2 5 6 8 10 11 9 -9 -10 -11 -12 -13 -14 -15 -16
leaf_value=0 -0.00031620825901785329 0 2.4611951681261322e-05 -0.00042186272772639705 0 0 0.0059181650688087742 -0.0015520216243033022 0.019339607044445317 0.070860860547646468 1.450586543294858e-06 0 0 -0.00036271492132347718 0
leaf_weight=31562 349 23056 26294 8052 31775 13547 8179 36229 1057 786 789 8748 5490 1005 3082
leaf_count=31562 349 23056 26294 8052 31775 13547 8179 36229 1057 786 789 8748 5490 1005 3082
internal_value=0.00251295 0.00522495 -0.00139364 -0.00760107 0.00233544 0.00904467 -0.000485116 -0.000963965 -0.00595784 0.00285443 0.00403697 0.0111429 0.00740594 -0.0186558 0.000736058
internal_weight=200000 118049 81951 10463 67208 50841 71488 62523 9109 8965 32564 22295 28546 1354 34644
internal_count=200000 118049 81951 10463 67208 50841 71488 62523 9109 8965 32564 22295 28546 1354 34644
is_linear=0
shrinkage=0.03


Tree=26
num_leaves=16
num_cat=0
split_feature=40 41 40 41 41 41 41 40 41 40 41 36 10 41 41
split_gain=2333.74 1448.08 512.554 212.5 202.995 194.233 119.009 121.947 50.6406 43.4399 41.3357 31.3283 30.9191 18.8998 7.22009
threshold=0.010374342557042839 0.17878168076276782 0.17645703256130221 0.21429927647113803 0.067907188087701811 0.30011835694313055 0.59788936376571666 1.0451431870460512 0.4636219739913941 1.0000000180025095e-35 0.37645918130874639 0.46428571641445165 3.6051089763641362 0.11634425818920137 0.042139187455177314
decision_type=2 2 2 2 2 2 2 2 2 2 2 2 2 2 2
left_child=1 4 3 13 14 11 7 -4 -5 -6 -7 -3 -8 -2 -1
right_child=2 5 6 8 9 10 12 -9 -10 -11 -12 -13 -14 -15 -16
leaf_value=0 -0.00030672201124731763 0 2.3918415886949387e-05 -0.00040920684589460513 0 0 0.017451006979946448 -0.0013386816660630185 0.018759418833111961 1.4070689469960123e-06 0 0 0.21108152765611635 -0.00035183347368377289 0
leaf_weight=31562 349 23056 27837 8052 31775 13547 3612 39735 1057 789 8748 5490 304 1005 3082
leaf_count=31562 349 23056 27837 8052 31775 13547 3612 39735 1057 789 8748 5490 304 1005 3082
internal_value=0.00252435 0.00522444 -0.00136508 -0.00756666 0.00233454 0.00904467 -0.000457419 -0.000752087 -0.00591832 0.00403513 0.0111429 0.00740594 0.00462717 -0.0186558 0.000736058
internal_weight=200000 118049 81951 10463 67208 50841 71488 67572 9109 32564 22295 28546 3916 1354 34644
internal_count=200000 118049 81951 10463 67208 50841 71488 67572 9109 32564 22295 28546 3916 1354 34644
is_linear=0
shrinkage=0.03


Tree=27
num_leaves=16
num_cat=0
split_feature=40 41 40 41 41 41 41 40 41 41 40 41 36 41 41
split_gain=2314.07 1448.08 502.041 216.031 202.995 194.233 111.537 185.743 53.3666 48.9265 43.4399 41.3357 31.3283 18.8998 7.22009
threshold=0.010374342557042839 0.17878168076276782 0.17645703256130221 0.21429927647113803 0.067907188087701811 0.30011835694313055 0.48220391571521765 1.0451431870460512 0.73569414019584667 0.4636219739913941 1.0000000180025095e-35 0.37645918130874639 0.46428571641445165 0.11634425818920137 0.042139187455177314
decision_type=2 2 2 2 2 2 2 2 2 2 2 2 2 2 2
left_child=1 4 3 13 14 12 7 -4 -8 -5 -6 -7 -3 -2 -1
right_child=2 5 6 9 10 11 8 -9 -10 -11 -12 -13 -14 -15 -16
leaf_value=0 -0.0002975203509098981 0 2.4053512699392166e-05 -0.00039693064051776695 0 0 0.0032843690643651036 -0.0017139274431929442 0.068211504521818678 0.018196636268118599 1.3648568785861319e-06 0 0 -0.00034127846947325973 0
leaf_weight=31562 349 23056 24519 8052 31775 13547 15229 30954 786 1057 789 8748 5490 1005 3082
leaf_count=31562 349 23056 24519 8052 31775 13547 15229 30954 786 1057 789 8748 5490 1005 3082
internal_value=0.00253575 0.00522444 -0.00133726 -0.00747491 0.00233454 0.00904467 -0.000438955 -0.00107566 0.00176647 -0.00581293 0.00403513 0.0111429 0.00740594 -0.0186558 0.000736058
internal_weight=200000 118049 81951 10463 67208 50841 71488 55473 16015 9109 32564 22295 28546 1354 34644
internal_count=200000 118049 81951 10463 67208 50841 71488 55473 16015 9109 32564 22295 28546 1354 34644
is_linear=0
shrinkage=0.03


Tree=28
num_leaves=16
num_cat=0
split_feature=40 41 40 41 41 41 41 40 41 40 41 36 39 41 41
split_gain=2291.05 1448.46 475.767 220.161 202.769 194.233 106.616 113.96 45.5866 42.5177 41.3357 31.3283 29.7164 19.4609 7.22009
threshold=0.010374342557042839 0.17878168076276782 0.17645703256130221 0.21429927647113803 0.067907188087701811 0.30011835694313055 0.59788936376571666 1.0486806631088259 0.4636219739913941 1.0000000180025095e-35 0.37645918130874639 0.46428571641445165 0.76249998807907116 0.11634425818920137 0.042139187455177314
decision_type=2 2 2 2 2 2 2 2 2 2 2 2 2 2 2
left_child=1 4 3 13 14 11 7 -4 -5 -6 -7 -3 -8 -2 -1
right_child=2 5 6 8 9 10 12 -9 -10 -11 -12 -13 -14 -15 -16
leaf_value=0 -0.00028859474038260118 0 2.2477293821735e-05 -0.00038502272130223398 0 0 0.017292557072947339 -0.0013220286065345516 0.017650737180075045 1.3239111722285479e-06 0 0 0.15594133225143914 -0.00033104011538906191 0
leaf_weight=31562 349 23056 28170 8052 31775 13547 3695 39402 1057 789 8748 5490 221 1005 3082
leaf_count=31562 349 23056 28170 8052 31775 13547 3695 39402 1057 789 8748 5490 221 1005 3082
internal_value=0.00254865 0.00522393 -0.00130505 -0.00727994 0.00233365 0.00904467 -0.000430562 -0.000709465 -0.00560215 0.00403329 0.0111429 0.00740594 0.00438202 -0.0185672 0.000736058
internal_weight=200000 118049 81951 10463 67208 50841 71488 67572 9109 32564 22295 28546 3916 1354 34644
internal_count=200000 118049 81951 10463 67208 50841 71488 67572 9109 32564 22295 28546 3916 1354 34644
is_linear=0
shrinkage=0.03


Tree=29
num_leaves=16
num_cat=0
split_feature=40 41 40 41 41 41 41 40 40 41 12 41 41 8 41
split_gain=2270.3 1471.69 480.529 246.458 188.125 154.878 100.662 142.993 81.6571 50.1786 39.5222 33.8268 20.1897 19.9849 6.28617
threshold=0.012340211775153877 0.19844444841146472 0.17645703256130221 0.067907188087701811 0.21429927647113803 0.33684825897216802 0.53295657038688671 1.0486806631088259 0.0062920530326664456 0.45705431699752813 0.76785713434219371 0.26906220614910131 0.3907416313886643 2.0089285373687749 0.042139187455177314
decision_type=2 2 2 2 2 2 2 2 2 2 2 2 2 2 2
left_child=1 3 4 14 13 11 7 -4 -5 -6 -8 -3 -7 -2 -1
right_child=2 5 6 8 9 12 10 -9 -10 -11 -12 -13 -14 -15 -16
leaf_value=0 -0.00029786779433076376 0 2.2971572195273487e-05 0 -0.00043343868952331059 0 0.0035922472128258015 -0.0015150798386569147 -1.9729128741245743e-05 -0.00025327133383292133 0.035949128969904647 0 0 -0.00091523580952464169 0
leaf_weight=31562 1022 16632 26941 37556 7682 8075 6832 35582 256 1203 2133 14140 7070 222 3092
leaf_count=31562 1022 16632 26941 37556 7682 8075 6832 35582 256 1203 2133 14140 7070 222 3092
internal_value=0.00256335 0.0052173 -0.00128613 0.00255472 -0.00740152 0.00941939 -0.000419651 -0.000845929 0.00422961 -0.00587169 0.00255326 0.00819706 0.0119029 -0.018328 0.000727189
internal_weight=200000 118383 81617 72466 10129 45917 71488 62523 37812 8885 8965 30772 15145 1244 34654
internal_count=200000 118383 81617 72466 10129 45917 71488 62523 37812 8885 8965 30772 15145 1244 34654
is_linear=0
shrinkage=0.03


Tree=30
num_leaves=16
num_cat=0
split_feature=40 41 40 41 41 41 41 40 40 41 41 10 41 38 41
split_gain=2258.58 1469.56 472.512 247.8 183.952 154.878 94.4055 106.864 68.7071 49.2315 33.8268 26.5209 20.1897 17.5761 6.28617
threshold=0.012340211775153877 0.19844444841146472 0.17645703256130221 0.067907188087701811 0.21429927647113803 0.33684825897216802 0.59788936376571666 1.0520762801170351 0.0062920530326664456 0.45705431699752813 0.26906220614910131 3.6051089763641362 0.3907416313886643 3.2062499523162846 0.042139187455177314
decision_type=2 2 2 2 2 2 2 2 2 2 2 2 2 2 2
left_child=1 3 4 14 13 10 7 -4 -5 -6 -3 -8 -7 -2 -1
right_child=2 5 6 8 9 12 11 -9 -10 -11 -12 -13 -14 -15 -16
leaf_value=0 -0.00029385339690679401 0 2.0787458645345653e-05 0 -0.00042043552883761127 0 0.015708351930207826 -0.0012936211114573742 -1.9137254879008361e-05 -0.00024567319381793373 0 0.20305009959406695 0 -0.00089913325562107258 0
leaf_weight=31562 1061 16632 28501 37556 7682 8075 3612 39071 256 1203 14140 304 7070 183 3092
leaf_count=31562 1061 16632 28501 37556 7682 8075 3612 39071 256 1203 14140 304 7070 183 3092
internal_value=0.00257325 0.00522034 -0.00126628 0.00255968 -0.00733044 0.00941939 -0.000407061 -0.000669508 0.00423913 -0.00581767 0.00819706 0.00412155 0.0119029 -0.018135 0.000727189
internal_weight=200000 118383 81617 72466 10129 45917 71488 67572 37812 8885 30772 3916 15145 1244 34654
internal_count=200000 118383 81617 72466 10129 45917 71488 67572 37812 8885 30772 3916 15145 1244 34654
is_linear=0
shrinkage=0.03


Tree=31
num_leaves=16
num_cat=0
split_feature=40 41 40 41 41 41 41 40 40 40 41 41 41 38 41
split_gain=2260.66 1468.49 464.013 248.472 185.772 154.878 91.652 173.379 62.6512 52.3541 48.1767 33.8268 20.1897 17.5761 6.28617
threshold=0.012340211775153877 0.19844444841146472 0.17645703256130221 0.067907188087701811 0.21429927647113803 0.33684825897216802 0.48220391571521765 1.0520762801170351 0.0062920530326664456 1.5180819630622866 0.45705431699752813 0.26906220614910131 0.3907416313886643 3.2062499523162846 0.042139187455177314
decision_type=2 2 2 2 2 2 2 2 2 2 2 2 2 2 2
left_child=1 3 4 14 13 11 7 -4 -5 -8 -6 -3 -7 -2 -1
right_child=2 5 6 8 10 12 9 -9 -10 -11 -12 -13 -14 -15 -16
leaf_value=0 -0.00028503779499959017 0 2.1503807452386628e-05 0 -0.00040782246297248296 0 -0.00092409796881594492 -0.001664081810999395 -1.85631372326381e-05 0.009056446822082849 -0.00023830299800339569 0 0 -0.00087215925795244029 0
leaf_weight=31562 1061 16632 25151 37556 7682 8075 5518 30322 256 10497 1203 14140 7070 183 3092
leaf_count=31562 1061 16632 25151 37556 7682 8075 5518 30322 256 10497 1203 14140 7070 183 3092
internal_value=0.00257355 0.00522186 -0.00126775 0.00256217 -0.00727713 0.00941939 -0.000416294 -0.000993456 0.00424389 0.00158289 -0.00575689 0.00819706 0.0119029 -0.018135 0.000727189
internal_weight=200000 118383 81617 72466 10129 45917 71488 55473 37812 16015 8885 30772 15145 1244 34654
internal_count=200000 118383 81617 72466 10129 45917 71488 55473 37812 16015 8885 30772 15145 1244 34654
is_linear=0
shrinkage=0.03


Tree=32
num_leaves=16
num_cat=0
split_feature=40 41 40 41 41 41 41 40 40 41 41 39 41 10 41
split_gain=2233.28 1467.78 443.584 248.921 193.088 154.878 82.5567 106.619 58.769 50.6335 33.8268 24.0531 20.1897 16.1775 6.28617
threshold=0.012340211775153877 0.19844444841146472 0.21087211370468142 0.067907188087701811 0.21429927647113803 0.33684825897216802 0.61834272742271434 1.0553724169731142 0.0062920530326664456 0.4636219739913941 0.26906220614910131 0.76249998807907116 0.3907416313886643 1.7252252697944643 0.042139187455177314
decision_type=2 2 2 2 2 2 2 2 2 2 2 2 2 2 2
left_child=1 3 4 14 13 10 7 -4 -5 -6 -3 -8 -7 -2 -1
right_child=2 5 6 8 9 12 11 -9 -10 -11 -12 -13 -14 -15 -16
leaf_value=0 -0.00027245132718500787 0 2.2585011009737923e-05 0 -0.0004079453406878178 0 0.019696330668149496 -0.0012336371938756346 -1.8006243115658969e-05 0.017275222072122714 0 0.15056629965822374 0 -0.00092439432575104434 0
leaf_weight=31562 1067 16632 27882 37556 8661 8075 2922 39470 256 1191 14140 215 7070 209 3092
leaf_count=31562 1067 16632 27882 37556 8661 8075 2922 39470 256 1191 14140 215 7070 209 3092
internal_value=0.00259065 0.00522288 -0.00122732 0.00256382 -0.00679367 0.00941939 -0.000348565 -0.000570139 0.00424706 -0.0053715 0.00819706 0.00440867 0.0119029 -0.0177743 0.000727189
internal_weight=200000 118383 81617 72466 11128 45917 70489 67352 37812 9852 30772 3137 15145 1276 34654
internal_count=200000 118383 81617 72466 11128 45917 70489 67352 37812 9852 30772 3137 15145 1276 34654
is_linear=0
shrinkage=0.03


Tree=33
num_leaves=16
num_cat=0
split_feature=40 41 40 41 41 41 40 41 40 41 41 36 41 38 41
split_gain=2223.4 1490.91 444.922 269.806 174.577 136.303 98.9503 84.5346 142.648 46.5289 43.6299 26.8415 21.9169 17.3838 6.09983
threshold=0.014174921903759243 0.2099345996975899 0.17645703256130221 0.067907188087701811 0.21429927647113803 0.33684825897216802 0.0062920530326664456 0.50752899050712597 1.0553724169731142 0.45705431699752813 0.73569414019584667 0.46428571641445165 0.3907416313886643 3.2062499523162846 0.042139187455177314
decision_type=2 2 2 2 2 2 2 2 2 2 2 2 2 2 2
left_child=1 3 4 14 13 11 -5 8 -4 -6 -9 -3 -7 -2 -1
right_child=2 5 7 6 9 12 -8 10 -10 -11 -12 -13 -14 -15 -16
leaf_value=0 -0.00030801022746857777 0 1.9160962652335998e-05 0 -0.00040502385699783052 0 -2.3837744027020765e-05 0.0035776666611797231 -0.0015595310333517327 -0.00049171361107615405 0.062684540363015476 0 0 -0.00089786295534126262 0
leaf_weight=31562 934 21252 26572 40392 7491 8140 407 11493 32637 1198 786 6753 7115 172 3096
leaf_count=31562 934 21252 26572 40392 7491 8140 407 11493 32637 1198 786 6753 7115 172 3096
internal_value=0.00259995 0.00521728 -0.00122276 0.00267172 -0.00721899 0.00965742 0.00432511 -0.000401186 -0.000870982 -0.00579008 0.00186416 0.00841457 0.011939 -0.0184448 0.000725374
internal_weight=200000 118717 81283 75457 9795 43260 40799 71488 59209 8689 12279 28005 15255 1106 34658
internal_count=200000 118717 81283 75457 9795 43260 40799 71488 59209 8689 12279 28005 15255 1106 34658
is_linear=0
shrinkage=0.03


Tree=34
num_leaves=16
num_cat=0
split_feature=40 41 40 41 41 41 40 41 40 41 39 36 41 13 41
split_gain=2209.37 1489.21 444.71 270.909 177.745 136.303 89.3814 75.2321 101.954 51.455 27.4515 26.8415 21.9169 18.1774 6.09983
threshold=0.014174921903759243 0.2099345996975899 0.21087211370468142 0.067907188087701811 0.21429927647113803 0.33684825897216802 0.0062920530326664456 0.59788936376571666 1.0553724169731142 0.4636219739913941 0.76249998807907116 0.46428571641445165 0.3907416313886643 1.985000014305115 0.042139187455177314
decision_type=2 2 2 2 2 2 2 2 2 2 2 2 2 2 2
left_child=1 3 4 14 13 11 -5 8 -4 -6 -9 -3 -7 -2 -1
right_child=2 5 7 6 9 12 -8 10 -10 -11 -12 -13 -14 -15 -16
leaf_value=0 -0.0005107562229818434 0 2.1342432923367806e-05 0 -0.00042789907225204569 0 -2.3122611706210133e-05 0.014881977977165574 -0.0012258200398139875 0.016649726376015313 0.14304414925159295 0 0 -0.00029378439257776609 0
leaf_weight=31562 405 21252 27837 40392 8470 8140 407 3691 38740 1186 221 6753 7115 733 3096
leaf_count=31562 405 21252 27837 40392 8470 8140 407 3691 38740 1186 221 6753 7115 733 3096
internal_value=0.00261075 0.00521981 -0.00119988 0.0026757 -0.00687048 0.00965742 0.00433246 -0.000331541 -0.000569115 -0.00554888 0.00371166 0.00841457 0.011939 -0.0180844 0.000725374
internal_weight=200000 118717 81283 75457 10794 43260 40799 70489 66577 9656 3912 28005 15255 1138 34658
internal_count=200000 118717 81283 75457 10794 43260 40799 70489 66577 9656 3912 28005 15255 1138 34658
is_linear=0
shrinkage=0.03


Tree=35
num_leaves=16
num_cat=0
split_feature=40 41 40 41 41 41 40 17 40 39 41 36 41 13 41
split_gain=2196.21 1488.19 442.723 271.572 178.803 136.303 86.1377 74.0754 64.1825 56.9984 50.8015 26.8415 21.9169 18.1774 6.09983
threshold=0.014174921903759243 0.2099345996975899 0.21087211370468142 0.067907188087701811 0.21429927647113803 0.33684825897216802 0.0083537800237536448 -0.22252074629068372 1.0587456822395327 0.79999998211860668 0.4636219739913941 0.46428571641445165 0.3907416313886643 1.985000014305115 0.042139187455177314
decision_type=2 2 2 2 2 2 2 2 2 2 2 2 2 2 2
left_child=1 3 4 14 13 11 -5 8 -4 -9 -6 -3 -7 -2 -1
right_child=2 5 7 6 10 12 -8 9 -10 -11 -12 -13 -14 -15 -16
leaf_value=0 -0.00049543353629238809 0 3.681576209101237e-06 0 -0.00041506210008448432 0 -2.9595692028837501e-05 2.9327649064815294e-05 -0.002355892094919695 0.17001114781246837 0.016150234584734857 0 0 -0.00028497086080043311 0
leaf_weight=31562 405 21252 11416 40480 8470 8140 319 42048 16871 154 1186 6753 7115 733 3096
leaf_count=31562 405 21252 11416 40480 8470 8140 319 42048 16871 154 1186 6753 7115 733 3096
internal_value=0.00262005 0.00522132 -0.00117921 0.00267808 -0.00683713 0.00965742 0.00433687 -0.000312815 -0.00150069 0.000483389 -0.0055116 0.00841457 0.011939 -0.0180844 0.000725374
internal_weight=200000 118717 81283 75457 10794 43260 40799 70489 28287 42202 9656 28005 15255 1138 34658
internal_count=200000 118717 81283 75457 10794 43260 40799 70489 28287 42202 9656 28005 15255 1138 34658
is_linear=0
shrinkage=0.03


Tree=36
num_leaves=16
num_cat=0
split_feature=40 41 40 41 41 41 40 17 40 41 41 36 41 13 41
split_gain=2184.57 1488.19 429.817 271.572 176.96 136.303 86.1377 71.1957 62.1612 53.078 49.186 26.8415 21.9169 17.2063 6.09983
threshold=0.014174921903759243 0.2099345996975899 0.21087211370468142 0.067907188087701811 0.21429927647113803 0.33684825897216802 0.0083537800237536448 -0.22252074629068372 1.0587456822395327 0.73569414019584667 0.4636219739913941 0.46428571641445165 0.3907416313886643 1.985000014305115 0.042139187455177314
decision_type=2 2 2 2 2 2 2 2 2 2 2 2 2 2 2
left_child=1 3 4 14 13 11 -5 8 -4 -9 -6 -3 -7 -2 -1
right_child=2 5 7 6 10 12 -8 9 -10 -11 -12 -13 -14 -15 -16
leaf_value=0 -0.00048057053020361646 0 3.5711289228282196e-06 0 -0.00040261023708194974 0 -2.8707821267972382e-05 2.4526167464387144e-05 -0.0022852153320721044 0.065635570613449781 0.015665727547192809 0 0 -0.00027642173497642011 0
leaf_weight=31562 405 21252 11416 40480 8470 8140 319 41549 16871 653 1186 6753 7115 733 3096
leaf_count=31562 405 21252 11416 40480 8470 8140 319 41549 16871 653 1186 6753 7115 733 3096
internal_value=0.00262695 0.00522132 -0.00116224 0.00267808 -0.00673708 0.00965742 0.00433687 -0.000308559 -0.00147311 0.000472016 -0.00541839 0.00841457 0.011939 -0.0179262 0.000725374
internal_weight=200000 118717 81283 75457 10794 43260 40799 70489 28287 42202 9656 28005 15255 1138 34658
internal_count=200000 118717 81283 75457 10794 43260 40799 70489 28287 42202 9656 28005 15255 1138 34658
is_linear=0
shrinkage=0.03


Tree=37
num_leaves=16
num_cat=0
split_feature=40 41 40 41 41 41 40 34 17 41 36 39 41 13 40
split_gain=2164.66 1502.85 432.752 266.653 160.44 136.222 119.789 68.0658 65.8653 52.5908 27.3028 25.1022 23.224 20.0045 7.76808
threshold=0.016057942062616352 0.2099345996975899 0.21087211370468142 0.067907188087701811 0.21429927647113803 0.33684825897216802 0.0083537800237536448 1.0000000180025095e-35 -0.22252074629068372 0.4636219739913941 0.46428571641445165 0.50892856717109691 0.37645918130874639 1.985000014305115 1.0322977686882952e-05
decision_type=2 2 2 2 2 2 2 2 2 2 2 2 2 2 2
left_child=1 3 4 14 13 10 -5 11 -9 -6 -3 -4 -7 -2 -1
right_child=2 5 7 6 9 12 -8 8 -10 -11 -12 -13 -14 -15 -16
leaf_value=0 -0.00054349160603894028 0 0.013986085223313734 0 -0.00043209409975975926 0 -3.5292281935234043e-05 -0.0012089838864850913 2.4701996653249577e-05 0.015278843403501028 0 0.065702758719271101 0 -0.00034508163162471831 -2.1438368902140518e-05
leaf_weight=34613 383 21309 808 40480 8250 6470 396 27914 41626 1159 6783 141 8947 668 53
leaf_count=34613 383 21309 808 40480 8250 6470 396 27914 41626 1159 6783 141 8947 668 53
internal_value=0.00264165 0.00521524 -0.00114331 0.0026572 -0.00683748 0.00965662 0.00429861 -0.000298344 -0.000407248 -0.00559571 0.00841307 0.00768177 0.0119226 -0.0179543 0.000721745
internal_weight=200000 119051 80949 75542 10460 43509 40876 70489 69540 9409 28092 949 15417 1051 34666
internal_count=200000 119051 80949 75542 10460 43509 40876 70489 69540 9409 28092 949 15417 1051 34666
is_linear=0
shrinkage=0.03


Tree=38
num_leaves=16
num_cat=0
split_feature=40 41 40 41 41 41 40 40 40 40 41 36 41 13 41
split_gain=2056.06 1501.83 455.206 266.356 156.024 136.222 117.61 91.0889 252.466 94.8757 52.5908 27.3028 23.224 17.8778 6.06918
threshold=0.016057942062616352 0.2099345996975899 0.21087211370468142 0.067907188087701811 0.21429927647113803 0.33684825897216802 0.0083537800237536448 1.0587456822395327 1.3606827855110171 0.55894470214843761 0.4636219739913941 0.46428571641445165 0.37645918130874639 1.985000014305115 0.042139187455177314
decision_type=2 2 2 2 2 2 2 2 2 2 2 2 2 2 2
left_child=1 3 4 14 13 11 -5 9 -9 -4 -6 -3 -7 -2 -1
right_child=2 5 7 6 10 12 -8 8 -10 -11 -12 -13 -14 -15 -16
leaf_value=0 -0.00052718685785777203 0 -0.0066873201272360334 0 -0.00041913127676696644 0 -3.4233513477176999e-05 -0.0014709752912183769 0.001008938588416248 4.8872603954269404e-05 0.014820478101395994 0 0 -0.0003347291826759768 0
leaf_weight=31562 383 21309 7675 40480 8250 6470 396 10296 31872 20646 1159 6783 8947 668 3104
leaf_count=31562 383 21309 7675 40480 8250 6470 396 10296 31872 20646 1159 6783 8947 668 3104
internal_value=0.00270855 0.00521676 -0.000980247 0.00265958 -0.00682027 0.00965662 0.00430008 -0.000113635 -0.000997439 0.00120229 -0.00559571 0.00841307 0.0119226 -0.0177831 0.000725206
internal_weight=200000 119051 80949 75542 10460 43509 40876 70489 42168 28321 9409 28092 15417 1051 34666
internal_count=200000 119051 80949 75542 10460 43509 40876 70489 42168 28321 9409 28092 15417 1051 34666
is_linear=0
shrinkage=0.03


Tree=39
num_leaves=16
num_cat=0
split_feature=40 41 40 41 41 41 40 40 40 40 41 36 41 13 41
split_gain=2054.6 1500.81 447.767 267.012 151.034 136.222 114.186 85.7784 246.733 90.8668 52.0318 27.3028 23.224 15.2281 6.06918
threshold=0.016057942062616352 0.2099345996975899 0.21087211370468142 0.067907188087701811 0.21429927647113803 0.33684825897216802 0.010374342557042839 1.062547028064728 1.3606827855110171 0.55894470214843761 0.4636219739913941 0.46428571641445165 0.37645918130874639 1.985000014305115 0.042139187455177314
decision_type=2 2 2 2 2 2 2 2 2 2 2 2 2 2 2
left_child=1 3 4 14 13 11 -5 9 -9 -4 -6 -3 -7 -2 -1
right_child=2 5 7 6 10 12 -8 8 -10 -11 -12 -13 -14 -15 -16
leaf_value=0 -0.00051137125212203901 0 -0.006486700523418952 0 -0.00040655733846395743 0 -4.1765103740028203e-05 -0.0014923444084624501 0.00097867043076376088 4.7094351758933742e-05 0.014375863758354115 0 0 -0.00032468730719569747 0
leaf_weight=31562 383 21309 7675 40572 8250 6470 304 9963 31872 20979 1159 6783 8947 668 3104
leaf_count=31562 383 21309 7675 40572 8250 6470 304 9963 31872 20979 1159 6783 8947 668 3104
internal_value=0.00271095 0.00521827 -0.000976541 0.00266196 -0.00676864 0.00965662 0.00430448 -0.00011704 -0.000983148 0.00114748 -0.00556382 0.00841307 0.0119226 -0.0175547 0.000725206
internal_weight=200000 119051 80949 75542 10460 43509 40876 70489 41835 28654 9409 28092 15417 1051 34666
internal_count=200000 119051 80949 75542 10460 43509 40876 70489 41835 28654 9409 28092 15417 1051 34666
is_linear=0
shrinkage=0.03


Tree=40
num_leaves=16
num_cat=0
split_feature=40 41 40 41 41 41 40 40 40 40 41 36 41 13 41
split_gain=2048.88 1500.13 439.539 267.451 146.441 136.222 109.353 82.201 246.546 88.1059 51.2543 27.3028 23.224 12.7908 6.06918
threshold=0.016057942062616352 0.2099345996975899 0.21087211370468142 0.067907188087701811 0.21429927647113803 0.33684825897216802 0.010374342557042839 1.0662958621978762 1.3036422133445742 0.55894470214843761 0.4636219739913941 0.46428571641445165 0.37645918130874639 1.985000014305115 0.042139187455177314
decision_type=2 2 2 2 2 2 2 2 2 2 2 2 2 2 2
left_child=1 3 4 14 13 11 -5 9 -9 -4 -6 -3 -7 -2 -1
right_child=2 5 7 6 10 12 -8 8 -10 -11 -12 -13 -14 -15 -16
leaf_value=0 -0.00049603011455837782 0 -0.0062920995077163826 0 -0.00039436061831003871 0 -4.0512150627827364e-05 -0.0014503343045667375 0.00070724717718007003 4.5475478626696322e-05 0.013944587845603493 0 0 -0.00031494668797982651 0
leaf_weight=31562 383 21309 7675 40572 8250 6470 304 8634 32868 21312 1159 6783 8947 668 3104
leaf_count=31562 383 21309 7675 40572 8250 6470 304 8634 32868 21312 1159 6783 8947 668 3104
internal_value=0.00271545 0.00521928 -0.000966905 0.00266355 -0.00670554 0.00965662 0.00430742 -0.000115337 -0.000971519 0.0011105 -0.00551918 0.00841307 0.0119226 -0.0173264 0.000725206
internal_weight=200000 119051 80949 75542 10460 43509 40876 70489 41502 28987 9409 28092 15417 1051 34666
internal_count=200000 119051 80949 75542 10460 43509 40876 70489 41502 28987 9409 28092 15417 1051 34666
is_linear=0
shrinkage=0.03


Tree=41
num_leaves=16
num_cat=0
split_feature=40 41 40 41 41 41 40 40 40 40 41 36 41 13 41
split_gain=2034.18 1500.13 415.174 267.451 151.547 136.222 109.353 77.5016 236.163 85.7399 47.7745 27.3028 23.224 12.7908 6.06918
threshold=0.016057942062616352 0.2099345996975899 0.21087211370468142 0.067907188087701811 0.21429927647113803 0.33684825897216802 0.010374342557042839 1.0662958621978762 1.3606827855110171 0.55894470214843761 0.4636219739913941 0.46428571641445165 0.37645918130874639 1.985000014305115 0.042139187455177314
decision_type=2 2 2 2 2 2 2 2 2 2 2 2 2 2 2
left_child=1 3 4 14 13 11 -5 9 -9 -4 -6 -3 -7 -2 -1
right_child=2 5 7 6 10 12 -8 8 -10 -11 -12 -13 -14 -15 -16
leaf_value=0 -0.00048114921112162647 0 -0.0061033365224848922 0 -0.00038252979976073756 0 -3.9296786108992542e-05 -0.001491485112552513 0.00092809290252544657 4.4111214267895417e-05 0.013526250210235388 0 0 -0.00030549828734043174 0
leaf_weight=31562 383 21309 7675 40572 8250 6470 304 9630 31872 21312 1159 6783 8947 668 3104
leaf_count=31562 383 21309 7675 40572 8250 6470 304 9630 31872 21312 1159 6783 8947 668 3104
internal_value=0.00272445 0.00521928 -0.000944669 0.00266355 -0.00652199 0.00965662 0.00430742 -0.00011704 -0.000948388 0.00107324 -0.00531512 0.00841307 0.0119226 -0.0173264 0.000725206
internal_weight=200000 119051 80949 75542 10460 43509 40876 70489 41502 28987 9409 28092 15417 1051 34666
internal_count=200000 119051 80949 75542 10460 43509 40876 70489 41502 28987 9409 28092 15417 1051 34666
is_linear=0
shrinkage=0.03


Tree=42
num_leaves=16
num_cat=0
split_feature=40 41 40 41 41 41 40 40 40 40 41 41 40 13 41
split_gain=2030.4 1503.36 431.37 264.87 153.076 138.307 117.405 75.9884 239.967 83.5654 52.3154 41.6771 23.7186 15.8715 5.97377
threshold=0.018265789374709133 0.2099345996975899 0.21087211370468142 0.067907188087701811 0.21429927647113803 0.37645918130874639 0.010374342557042839 1.0705034732818606 1.3036422133445742 0.55894470214843761 0.4636219739913941 0.28111971914768225 0.0062920530326664456 1.985000014305115 0.042139187455177314
decision_type=2 2 2 2 2 2 2 2 2 2 2 2 2 2 2
left_child=1 3 4 14 13 11 -5 9 -9 -4 -6 -3 -7 -2 -1
right_child=2 5 7 6 10 12 -8 8 -10 -11 -12 -13 -14 -15 -16
leaf_value=0 -0.00058565210509450361 0 -0.0059202364268103446 0 -0.00040567021871062097 0 -4.0071164314412401e-05 -0.0014806351368863366 0.00065818697478890449 4.2321255634824998e-05 0.013159365463480328 0 4.3017173207262232e-05 -0.0003414528720355197 0
leaf_weight=31562 361 16683 7675 40572 7996 8619 373 8301 32868 21645 1153 18078 391 616 3107
leaf_count=31562 361 16683 7675 40572 7996 8619 373 8301 32868 21645 1153 18078 391 616 3107
internal_value=0.00273135 0.00521523 -0.000947094 0.00265387 -0.00673711 0.00963994 0.0042877 -0.000115337 -0.000946586 0.00105184 -0.00553175 0.00878139 0.0129523 -0.0180246 0.000724278
internal_weight=200000 119385 80615 75614 10126 43771 40945 70489 41169 29320 9149 34761 9010 977 34669
internal_count=200000 119385 80615 75614 10126 43771 40945 70489 41169 29320 9149 34761 9010 977 34669
is_linear=0
shrinkage=0.03


Tree=43
num_leaves=16
num_cat=0
split_feature=40 41 40 41 41 41 40 40 40 40 41 41 40 10 41
split_gain=2030.72 1500.32 427.625 265.306 147.116 136.546 112.98 73.477 233.492 82.0464 52.3154 41.6771 20.0209 13.3595 5.97377
threshold=0.018265789374709133 0.2099345996975899 0.21087211370468142 0.067907188087701811 0.21429927647113803 0.37645918130874639 0.010374342557042839 1.0705034732818606 1.3606827855110171 0.55894470214843761 0.4636219739913941 0.28111971914768225 0.0062920530326664456 2.0749659538269047 0.042139187455177314
decision_type=2 2 2 2 2 2 2 2 2 2 2 2 2 2 2
left_child=1 3 4 14 13 11 -5 9 -9 -4 -6 -3 -7 -2 -1
right_child=2 5 7 6 10 12 -8 8 -10 -11 -12 -13 -14 -15 -16
leaf_value=0 -0.00032624592116366929 0 -0.0057426293340060355 0 -0.0003935001121493024 0 -3.8869029384980042e-05 -0.0015345827509249681 0.0008805045062060152 4.1051617965780283e-05 0.012764584499575918 0 4.1726658011044368e-05 -0.0010615593381285524 0
leaf_weight=31562 820 16683 7675 40572 7996 8619 373 9297 31872 21645 1153 18078 391 157 3107
leaf_count=31562 820 16683 7675 40572 7996 8619 373 9297 31872 21645 1153 18078 391 157 3107
internal_value=0.00273015 0.00521422 -0.000948583 0.00265546 -0.00671341 0.00963446 0.00429063 -0.000120444 -0.000937842 0.00102729 -0.00553175 0.00878139 0.0129256 -0.0177789 0.000724278
internal_weight=200000 119385 80615 75614 10126 43771 40945 70489 41169 29320 9149 34761 9010 977 34669
internal_count=200000 119385 80615 75614 10126 43771 40945 70489 41169 29320 9149 34761 9010 977 34669
is_linear=0
shrinkage=0.03


Tree=44
num_leaves=16
num_cat=0
split_feature=40 41 40 41 41 41 40 40 40 40 41 41 40 13 41
split_gain=2031.85 1497.03 425.318 265.524 145.801 134.361 110.799 68.3078 223.242 79.174 52.2006 41.6771 15.8392 12.7194 5.97377
threshold=0.018265789374709133 0.2099345996975899 0.21087211370468142 0.067907188087701811 0.21429927647113803 0.37645918130874639 0.010374342557042839 1.0705034732818606 1.3606827855110171 0.55894470214843761 0.4636219739913941 0.28111971914768225 0.0062920530326664456 2.0399999618530278 0.042139187455177314
decision_type=2 2 2 2 2 2 2 2 2 2 2 2 2 2 2
left_child=1 3 4 14 13 11 -5 9 -9 -4 -6 -3 -7 -2 -1
right_child=2 5 7 6 10 12 -8 8 -10 -11 -12 -13 -14 -15 -16
leaf_value=0 -0.00049770296117386157 0 -0.0055703504539858541 0 -0.00038169510878482336 0 -3.7702958503430664e-05 -0.0014885452683972191 0.00085408937101983469 3.9820069426806902e-05 0.012381646964588639 0 4.0474858270713051e-05 -0.00032142190823954408 0
leaf_weight=31562 382 16683 7675 40572 7996 8619 373 9297 31872 21645 1153 18078 391 595 3107
leaf_count=31562 382 16683 7675 40572 7996 8619 373 9297 31872 21645 1153 18078 391 595 3107
internal_value=0.00272745 0.00521221 -0.000952304 0.00265625 -0.00670156 0.00962761 0.0042921 -0.000126403 -0.000914523 0.000980218 -0.00552519 0.00878139 0.0128923 -0.0177175 0.000724278
internal_weight=200000 119385 80615 75614 10126 43771 40945 70489 41169 29320 9149 34761 9010 977 34669
internal_count=200000 119385 80615 75614 10126 43771 40945 70489 41169 29320 9149 34761 9010 977 34669
is_linear=0
shrinkage=0.03


Tree=45
num_leaves=16
num_cat=0
split_feature=40 41 40 41 41 41 40 40 40 40 41 41 40 13 41
split_gain=2032.01 1496.44 419.964 265.524 143.5 133.926 110.799 64.893 224.292 75.7459 51.7426 41.6771 15.0615 13.4613 5.97377
threshold=0.018265789374709133 0.2099345996975899 0.21087211370468142 0.067907188087701811 0.21429927647113803 0.37645918130874639 0.010374342557042839 1.0745742321014407 1.3606827855110171 0.55894470214843761 0.4636219739913941 0.28111971914768225 0.0062920530326664456 2.0399999618530278 0.042139187455177314
decision_type=2 2 2 2 2 2 2 2 2 2 2 2 2 2 2
left_child=1 3 4 14 13 11 -5 9 -9 -4 -6 -3 -7 -2 -1
right_child=2 5 7 6 10 12 -8 8 -10 -11 -12 -13 -14 -15 -16
leaf_value=0 -0.00048277187233864566 0 -0.0054032399403662786 0 -0.00037024425552127866 0 -3.6571869748327767e-05 -0.0016204787293192791 0.00082846668988923963 3.7910329391657587e-05 0.01201019755565098 0 3.9260612522591648e-05 -0.00031177925099235774 0
leaf_weight=31562 382 16683 7675 40572 7996 8619 373 8964 31872 21978 1153 18078 391 595 3107
leaf_count=31562 382 16683 7675 40572 7996 8619 373 8964 31872 21978 1153 18078 391 595 3107
internal_value=0.00272685 0.00521171 -0.000953048 0.00265625 -0.00666601 0.00962624 0.0042921 -0.000132361 -0.000908022 0.000935824 -0.00549896 0.00878139 0.0128857 -0.0175947 0.000724278
internal_weight=200000 119385 80615 75614 10126 43771 40945 70489 40836 29653 9149 34761 9010 977 34669
internal_count=200000 119385 80615 75614 10126 43771 40945 70489 40836 29653 9149 34761 9010 977 34669
is_linear=0
shrinkage=0.03


Tree=46
num_leaves=16
num_cat=0
split_feature=40 41 40 41 41 41 40 40 40 40 41 41 36 13 41
split_gain=2031.03 1494.58 408.072 265.96 144.066 133.102 106.793 61.2691 217.721 73.3754 50.2683 24.753 24.3425 12.8817 5.97377
threshold=0.018265789374709133 0.2099345996975899 0.21087211370468142 0.067907188087701811 0.21429927647113803 0.33684825897216802 0.0083537800237536448 1.0745742321014407 1.3606827855110171 0.55894470214843761 0.4636219739913941 0.37645918130874639 0.46428571641445165 2.0399999618530278 0.042139187455177314
decision_type=2 2 2 2 2 2 2 2 2 2 2 2 2 2 2
left_child=1 3 4 14 13 12 -5 9 -9 -4 -6 -7 -3 -2 -1
right_child=2 5 7 6 10 11 -8 8 -10 -11 -12 -13 -14 -15 -16
leaf_value=0 -0.0004682887161684863 0 -0.0052411427421552893 0 -0.00035913692785564027 0 -2.9237875619144877e-05 -0.0015718643674397007 0.0008036126891925626 3.6773019509907939e-05 0.011649891628981451 0 0 -0.00030242587346258697 0
leaf_weight=31562 382 21366 7675 40480 7996 6533 465 8964 31872 21978 1153 9010 6862 595 3107
leaf_count=31562 382 21366 7675 40480 7996 6533 465 8964 31872 21978 1153 9010 6862 595 3107
internal_value=0.00272745 0.00521171 -0.00095156 0.00265784 -0.00658305 0.0096235 0.00429503 -0.000142575 -0.000896268 0.000895356 -0.00541371 0.0118529 0.00839592 -0.0175333 0.000724278
internal_weight=200000 119385 80615 75614 10126 43771 40945 70489 40836 29653 9149 15543 28228 977 34669
internal_count=200000 119385 80615 75614 10126 43771 40945 70489 40836 29653 9149 15543 28228 977 34669
is_linear=0
shrinkage=0.03


Tree=47
num_leaves=16
num_cat=0
split_feature=40 41 40 41 41 41 40 41 40 41 41 36 39 13 41
split_gain=2018.95 1493.9 387.109 266.397 145.202 133.102 103.015 60.9462 80.6605 47.3836 24.753 24.3425 21.4998 11.7607 5.97377
threshold=0.018265789374709133 0.2099345996975899 0.21087211370468142 0.067907188087701811 0.21429927647113803 0.33684825897216802 0.0083537800237536448 0.64400261640548717 1.0745742321014407 0.4636219739913941 0.37645918130874639 0.46428571641445165 0.76249998807907116 2.0399999618530278 0.042139187455177314
decision_type=2 2 2 2 2 2 2 2 2 2 2 2 2 2 2
left_child=1 3 4 14 13 11 -5 8 -4 -6 -7 -3 -9 -2 -1
right_child=2 5 7 6 9 10 -8 12 -10 -11 -12 -13 -14 -15 -16
leaf_value=0 -0.00045424005468343173 0 2.4952056654727761e-05 0 -0.0003483628200199711 0 -2.8360739350570539e-05 0.02178301316592092 -0.0011506919510359127 0.011300394880112008 0 0 0.15074795978465338 -0.00029335309725870938 0
leaf_weight=31562 382 21366 29590 40480 7996 6533 465 2151 38546 1153 9010 6862 202 595 3107
leaf_count=31562 382 21366 29590 40480 7996 6533 465 2151 38546 1153 9010 6862 202 595 3107
internal_value=0.00273585 0.00521272 -0.000932209 0.00265943 -0.00641714 0.0096235 0.00429796 -0.000144278 -0.000308207 -0.0052432 0.0118529 0.00839592 0.00460263 -0.0174104 0.000724278
internal_weight=200000 119385 80615 75614 10126 43771 40945 70489 68136 9149 15543 28228 2353 977 34669
internal_count=200000 119385 80615 75614 10126 43771 40945 70489 68136 9149 15543 28228 2353 977 34669
is_linear=0
shrinkage=0.03


Tree=48
num_leaves=16
num_cat=0
split_feature=40 41 40 41 41 41 40 34 40 40 41 39 36 8 41
split_gain=2006.76 1492.88 365.986 267.053 144.874 133.102 98.1798 60.3085 58.1725 55.637 24.753 24.6341 24.3425 10.2123 5.97377
threshold=0.018265789374709133 0.2099345996975899 0.21087211370468142 0.067907188087701811 0.21429927647113803 0.33684825897216802 0.010374342557042839 1.0000000180025095e-35 1.0745742321014407 0.020560622215271 0.37645918130874639 0.50892856717109691 0.46428571641445165 5.5089285373687753 0.042139187455177314
decision_type=2 2 2 2 2 2 2 2 2 2 2 2 2 2 2
left_child=1 3 4 14 13 12 -5 11 -9 -6 -7 -4 -3 -2 -1
right_child=2 5 7 6 9 10 -8 8 -10 -11 -12 -13 -14 -15 -16
leaf_value=0 -0.00028343733612593339 0 0.014577192736512019 0 1.7136179014512615e-05 0 -3.3746755206786482e-05 2.1614766396481563e-05 -0.0009442472681087269 -0.00035598007039068177 0 0.063536762436324584 0 -0.0015404019217709398 0
leaf_weight=31562 885 21366 808 40572 233 6533 373 29143 40397 8916 9010 141 6862 92 3107
leaf_count=31562 885 21366 808 40572 233 6533 373 29143 40397 8916 9010 141 6862 92 3107
internal_value=0.00274485 0.00521422 -0.000912113 0.00266181 -0.00624531 0.0096235 0.00430236 -0.00014598 -0.00024849 -0.00507269 0.0118529 0.00736565 0.00839592 -0.0172262 0.000724278
internal_weight=200000 119385 80615 75614 10126 43771 40945 70489 69540 9149 15543 949 28228 977 34669
internal_count=200000 119385 80615 75614 10126 43771 40945 70489 69540 9149 15543 949 28228 977 34669
is_linear=0
shrinkage=0.03


Tree=49
num_leaves=16
num_cat=0
split_feature=40 41 40 41 41 41 40 41 40 40 41 36 39 13 41
split_gain=2005.14 1492.54 364.77 267.272 138.771 133.102 96.1476 57.0808 74.773 51.8448 24.753 24.3425 19.5208 9.00916 5.97377
threshold=0.018265789374709133 0.2099345996975899 0.21087211370468142 0.067907188087701811 0.21429927647113803 0.33684825897216802 0.010374342557042839 0.64400261640548717 1.0745742321014407 0.020560622215271 0.37645918130874639 0.46428571641445165 0.76249998807907116 2.0399999618530278 0.042139187455177314
decision_type=2 2 2 2 2 2 2 2 2 2 2 2 2 2 2
left_child=1 3 4 14 13 11 -5 8 -4 -6 -7 -3 -9 -2 -1
right_child=2 5 7 6 9 10 -8 12 -10 -11 -12 -13 -14 -15 -16
leaf_value=0 -0.0004321097329591507 0 2.340685198730305e-05 0 1.6622093644077238e-05 0 -3.2734352550582866e-05 0.021157850188986551 -0.0010918856905055615 -0.00034530066827896129 0 0 0.14625384840915706 -0.00027604938425717014 0
leaf_weight=31562 382 21366 29590 40572 233 6533 373 2151 38546 8916 9010 6862 202 595 3107
leaf_count=31562 382 21366 29590 40572 233 6533 373 2151 38546 8916 9010 6862 202 595 3107
internal_value=0.00274635 0.00521473 -0.000909136 0.0026626 -0.00623346 0.0096235 0.00430382 -0.000144278 -0.000302924 -0.0050858 0.0118529 0.00839592 0.00444964 -0.0169806 0.000724278
internal_weight=200000 119385 80615 75614 10126 43771 40945 70489 68136 9149 15543 28228 2353 977 34669
internal_count=200000 119385 80615 75614 10126 43771 40945 70489 68136 9149 15543 28228 2353 977 34669
is_linear=0
shrinkage=0.03


end of trees

feature_importances:
Column_41=427
Column_40=233
Column_36=35
Column_13=14
Column_39=11
Column_10=10
Column_8=5
Column_12=3
Column_17=3
Column_33=3
Column_34=3
Column_38=3

parameters:
[boosting: gbdt]
[objective: regression_l1]
[metric: l1]
[tree_learner: serial]
[device_type: cpu]
[data_sample_strategy: bagging]
[data: ]
[valid: ]
[num_iterations: 50]
[learning_rate: 0.03]
[num_leaves: 16]
[num_threads: 4]
[seed: 20260910]
[deterministic: 1]
[force_col_wise: 1]
[force_row_wise: 0]
[histogram_pool_size: -1]
[max_depth: 4]
[min_data_in_leaf: 50]
[min_sum_hessian_in_leaf: 0.001]
[bagging_fraction: 1]
[pos_bagging_fraction: 1]
[neg_bagging_fraction: 1]
[bagging_freq: 0]
[bagging_seed: 11424]
[bagging_by_query: 0]
[feature_fraction: 1]
[feature_fraction_bynode: 1]
[feature_fraction_seed: 17335]
[extra_trees: 0]
[extra_seed: 1225]
[early_stopping_round: 0]
[early_stopping_min_delta: 0]
[first_metric_only: 0]
[max_delta_step: 0]
[lambda_l1: 0]
[lambda_l2: 0]
[linear_lambda: 0]
[min_gain_to_split: 0]
[drop_rate: 0.1]
[max_drop: 50]
[skip_drop: 0.5]
[xgboost_dart_mode: 0]
[uniform_drop: 0]
[drop_seed: 7987]
[top_rate: 0.2]
[other_rate: 0.1]
[min_data_per_group: 100]
[max_cat_threshold: 32]
[cat_l2: 10]
[cat_smooth: 10]
[max_cat_to_onehot: 4]
[top_k: 20]
[monotone_constraints: ]
[monotone_constraints_method: basic]
[monotone_penalty: 0]
[feature_contri: ]
[forcedsplits_filename: ]
[refit_decay_rate: 0.9]
[cegb_tradeoff: 1]
[cegb_penalty_split: 0]
[cegb_penalty_feature_lazy: ]
[cegb_penalty_feature_coupled: ]
[path_smooth: 0]
[interaction_constraints: ]
[verbosity: -1]
[saved_feature_importance_type: 0]
[use_quantized_grad: 0]
[num_grad_quant_bins: 4]
[quant_train_renew_leaf: 0]
[stochastic_rounding: 1]
[linear_tree: 0]
[max_bin: 255]
[max_bin_by_feature: ]
[min_data_in_bin: 3]
[bin_construct_sample_cnt: 200000]
[data_random_seed: 5053]
[is_enable_sparse: 1]
[enable_bundle: 1]
[use_missing: 1]
[zero_as_missing: 0]
[feature_pre_filter: 1]
[pre_partition: 0]
[two_round: 0]
[header: 0]
[label_column: ]
[weight_column: ]
[group_column: ]
[ignore_column: ]
[categorical_feature: ]
[forcedbins_filename: ]
[precise_float_parser: 0]
[parser_config_file: ]
[objective_seed: 1448]
[num_class: 1]
[is_unbalance: 0]
[scale_pos_weight: 1]
[sigmoid: 1]
[boost_from_average: 1]
[reg_sqrt: 0]
[alpha: 0.9]
[fair_c: 1]
[poisson_max_delta_step: 0.7]
[tweedie_variance_power: 1.5]
[lambdarank_truncation_level: 30]
[lambdarank_norm: 1]
[label_gain: ]
[lambdarank_position_bias_regularization: 0]
[eval_at: ]
[multi_error_top_k: 1]
[auc_mu_weights: ]
[num_machines: 1]
[local_listen_port: 12400]
[time_out: 120]
[machine_list_filename: ]
[machines: ]
[gpu_platform_id: -1]
[gpu_device_id: -1]
[gpu_use_dp: 0]
[num_gpu: 1]

end of parameters

pandas_categorical:null
