tree
version=v4
num_class=1
num_tree_per_iteration=1
label_index=0
max_feature_idx=38
objective=regression_l1
feature_names=Column_0 Column_1 Column_2 Column_3 Column_4 Column_5 Column_6 Column_7 Column_8 Column_9 Column_10 Column_11 Column_12 Column_13 Column_14 Column_15 Column_16 Column_17 Column_18 Column_19 Column_20 Column_21 Column_22 Column_23 Column_24 Column_25 Column_26 Column_27 Column_28 Column_29 Column_30 Column_31 Column_32 Column_33 Column_34 Column_35 Column_36 Column_37 Column_38
feature_infos=[1:7] [0:12.199999809265137] [0:18.399999618530273] [0:9.1999998092651367] [0:9.8000001907348633] [0:8.3000001907348633] [0:1] [0.02857142873108387:11.971428871154785] [0.092857144773006439:9.9214286804199219] [0.15000000596046448:9.2178573608398438] [0.082784637808799744:6.3598713874816895] [0:1] [0:1] [-0.97492790222167969:0.97492790222167969] [-0.90096884965896606:1] [55:68] [1.1287000179290771:1.7733999490737915] [21.680000305175781:23.940000534057617] [67.05999755859375:75.599998474121094] [1.2000000476837158:1.9199999570846558] [0.41899999976158142:1] [0:1] [0:1] none none [0.45581352710723877:0.66375440359115601] [0.0026951399631798267:0.080621019005775452] [0.36949124932289124:0.66311311721801758] [0.014186088927090168:0.60748022794723511] [0.32767966389656067:0.87196558713912964] [0.00060735549777746201:0.26483410596847534] [0.24990837275981903:1.2908620834350586] [0.00026571803027763963:0.19806297123432159] [0.24990837275981903:1.5354659557342529] [0.00011387915583327413:0.049868226051330566] [0.18951895833015442:1.7498493194580078] [3.7959718611091375e-05:0.014733794145286083] [0.058782145380973816:10.676931381225586] [0.032045558094978333:0.97086447477340698]
tree_sizes=1135 1232 1234 1221 1224 1510 1522 1508 1594 1608 1412 1511 1501 1513 1601 1309 1612 1613 1514 1600 1243 1491 1600 1613 1493 1598 1326 1498 1606 1492 1487 1493 1411 1402 1498 1316 1414 1433 1520 1418 1529 1413 1420 1523 1312 1503 1502 1521 1416 1132

Tree=0
num_leaves=11
num_cat=0
split_feature=36 38 31 8 36 35 36 11 26 1
split_gain=95.4033 70.1722 54.4146 46.254 44.2684 37.5117 26.0607 16.7026 5.38152 5.12962
threshold=0.014050519093871118 0.57823783159255993 0.42513063549995428 1.0300000309944155 0.012477901764214041 0.34140628576278692 0.0072096353396773347 0.6428571641445161 0.03760181367397309 0.5900000035762788
decision_type=2 2 2 2 2 2 2 2 2 2
left_child=1 2 5 7 -4 -1 -5 -3 -2 -10
right_child=8 3 4 6 -6 -7 -8 -9 9 -11
leaf_value=0.0065288131777197118 -0.0037017737235873933 0.0036478403961518781 0.0030952603369951248 0.013423506999388336 0.0054568751621991395 0.0043532242439687247 0.0027533931005746127 0.0059832011256366969 -0.0030487682577222579 -0.00071877642534673176
leaf_weight=455 84 792 11604 706 1047 2190 134 576 79 54
leaf_count=455 84 792 11604 706 1047 2190 134 576 79 54
internal_value=0.00382259 0.00406768 0.00334599 0.00906715 0.00252783 0.00725926 0.0146083 0.00566469 -0.015947 -0.0121924
internal_weight=17721 17504 15296 2208 12651 2645 840 1368 217 133
internal_count=17721 17504 15296 2208 12651 2645 840 1368 217 133
is_linear=0
shrinkage=1


Tree=1
num_leaves=12
num_cat=0
split_feature=36 38 31 8 36 35 20 35 38 26 37
split_gain=92.6084 63.9791 52.7835 43.2331 43.0275 37.9472 25.3503 16.8528 5.48247 3.86451 2.53681
threshold=0.014050519093871118 0.57823783159255993 0.42513063549995428 1.0300000309944155 0.012477901764214041 0.34140628576278692 0.99050000309944164 0.28965483605861669 0.19103351235389712 0.03760181367397309 0.62919467687606823
decision_type=2 2 2 2 2 2 2 2 2 2 2
left_child=1 2 5 7 -4 -1 -5 -3 9 -2 -11
right_child=8 3 4 6 -6 -7 -8 -9 -10 10 -12
leaf_value=0.0026250380714423955 -0.0067909576761536299 0.0040279915518884081 -0.00070550818406045436 0.0028405608982779084 0.0015852581963874397 0.00051471680570393805 0.014358920169342308 0.00042388028090936132 -0.0092050964436493823 -0.0028087211824022232 -0.0071401770464144644
leaf_weight=455 59 52 11604 366 1047 2190 474 1316 54 50 54
leaf_count=455 59 52 11604 366 1047 2190 474 1316 54 50 54
internal_value=-1.52362e-05 0.000226234 -0.000462866 0.005 -0.00126867 0.0033913 0.0103571 0.00171053 -0.0194931 -0.0167485 -0.0132692
internal_weight=17721 17504 15296 2208 12651 2645 840 1368 217 163 104
internal_count=17721 17504 15296 2208 12651 2645 840 1368 217 163 104
is_linear=0
shrinkage=0.03


Tree=2
num_leaves=12
num_cat=0
split_feature=36 34 7 31 33 37 35 17 38 26 11
split_gain=87.3932 62.8256 80.4719 48.5919 50.8672 43.894 36.5604 30.4045 6.23879 4.84799 3.11538
threshold=0.014050519093871118 0.006203702650964261 0.98428571224212658 0.88245674967765819 1.5071119666099551 1.835976302623749 0.43603140115737921 22.505000114440922 0.19103351235389712 0.03760181367397309 0.35714286565780645
decision_type=2 2 2 2 2 2 2 2 2 2 2
left_child=1 2 6 4 -3 -5 -1 -4 9 -2 -11
right_child=8 3 7 5 -6 -7 -8 -9 -10 10 -12
leaf_value=0.00080833643949218092 -0.0065872289458690208 -0.00020231778948660937 0.0023972473060078917 -0.0003508718824647367 0.0095976490293927484 -0.01335457453976199 -0.0010272253910712898 0.0098827870701737701 -0.0089289435503398986 -0.0029819829098274931 -0.0075419877454033111
leaf_weight=2035 59 12680 287 304 210 334 1025 629 54 52 52
leaf_count=2035 59 12680 287 304 210 334 1025 629 54 52 52
internal_value=-1.8622e-05 0.000215951 0.00353119 -0.000758427 -0.000358417 -0.00884013 0.00119608 0.0113319 -0.0189401 -0.0160123 -0.0121154
internal_weight=17721 17504 3976 13528 12890 638 3060 916 217 163 104
internal_count=17721 17504 3976 13528 12890 638 3060 916 217 163 104
is_linear=0
shrinkage=0.03


Tree=3
num_leaves=12
num_cat=0
split_feature=36 38 33 8 35 11 20 34 38 26 11
split_gain=82.3293 60.2171 48.2832 39.8693 39.1391 24.2825 23.8645 18.547 7.07403 4.01143 1.96
threshold=0.014050519093871118 0.57823783159255993 0.34483075141906744 1.0953571200370791 1.5273656249046328 0.21428572386503222 0.94249999523162853 0.0036576900165528063 0.1878066956996918 0.03760181367397309 0.35714286565780645
decision_type=2 2 2 2 2 2 2 2 2 2 2
left_child=1 2 5 7 -4 -1 -5 -3 9 -2 -11
right_child=8 3 4 6 -6 -7 -8 -9 -10 10 -12
leaf_value=-0.00068009529020206998 -0.0062334172117893671 0.0028764583727091619 -0.00018854960506444797 0.0021302166838816647 -0.010032768056633574 0.0024078419498180315 0.013558008166366894 0.00011424001886557554 -0.0080401762434383385 -0.0028925234225326683 -0.0067527637516939546
leaf_weight=129 56 198 14037 324 509 621 478 1208 61 50 50
leaf_count=129 56 198 14037 324 509 621 478 1208 61 50 50
internal_value=-2.20078e-05 0.000205667 -0.000462866 0.00483696 -0.000845593 0.00696 0.0101746 0.00179232 -0.0183871 -0.015 -0.0114
internal_weight=17721 17504 15296 2208 14546 750 802 1406 217 156 100
internal_count=17721 17504 15296 2208 14546 750 802 1406 217 156 100
is_linear=0
shrinkage=0.03


Tree=4
num_leaves=12
num_cat=0
split_feature=36 34 7 31 33 37 35 17 38 26 11
split_gain=82.39 59.0116 74.6519 47.7844 46.8196 42.8987 34.4293 29.0378 7.07403 4.01143 1.96
threshold=0.014050519093871118 0.006203702650964261 0.98428571224212658 0.88245674967765819 1.5071119666099551 1.835976302623749 0.43603140115737921 22.505000114440922 0.1878066956996918 0.03760181367397309 0.35714286565780645
decision_type=2 2 2 2 2 2 2 2 2 2 2
left_child=1 2 6 4 -3 -5 -1 -4 9 -2 -11
right_child=8 3 7 5 -6 -7 -8 -9 -10 10 -12
leaf_value=0.00077000440243939997 -0.0060464146954356864 -0.00019015869039885625 0.0023309863749795888 -0.00033468923783886112 0.0093153760466628995 -0.012805568967396644 -0.0010199733853305396 0.009469952692724222 -0.0077989709561351889 -0.0028057477198566881 -0.0065501808391431361
leaf_weight=2035 56 12680 287 304 210 334 1025 629 61 50 50
leaf_count=2035 56 12680 287 304 210 334 1025 629 61 50 50
internal_value=-1.52362e-05 0.000212523 0.00342555 -0.000731815 -0.000335144 -0.00874608 0.00117647 0.0109389 -0.0183871 -0.015 -0.0114
internal_weight=17721 17504 3976 13528 12890 638 3060 916 217 156 100
internal_count=17721 17504 3976 13528 12890 638 3060 916 217 156 100
is_linear=0
shrinkage=0.03


Tree=5
num_leaves=15
num_cat=0
split_feature=20 7 36 35 35 34 33 8 26 35 30 37 15 14
split_gain=73.8099 90.0994 74.8402 51.315 47.436 49.7862 46.6395 35.2842 30.2013 29.3596 22.1853 18.2911 9.82726 11.9973
threshold=0.83750000596046459 0.93214285373687755 0.01181360660120845 1.6935814023017886 0.42890904843807226 0.013123217038810255 1.5273656249046328 0.33107143640518194 0.058685725554823882 1.0132819116115572 0.024649415165185932 3.5449351072311406 66.500000000000014 -0.56174489110708226
decision_type=2 2 2 2 2 2 2 2 2 2 2 2 2 2
left_child=2 4 8 6 5 -2 -3 -6 9 -1 -10 -5 13 -4
right_child=1 3 12 11 7 -7 -8 -9 10 -11 -12 -13 -14 -15
leaf_value=-0.00088991488210333558 0.00080823627499898056 0.0032938915632473036 -0.0046122376506486538 0.0017814346099837119 -0.005170537688503396 -0.001160961449910541 -0.013841907250431079 -0.00066301403552612617 0.0060183664872738244 -0.0063027106456650696 0.00048768062159100219 -0.018377267376090734 -0.0020190757520144121 -0.0092387940152746963
leaf_weight=2351 3535 3918 163 66 121 1044 147 4979 120 362 477 134 50 254
leaf_count=2351 3535 3918 163 66 121 1044 147 4979 120 362 477 134 50 254
internal_value=-5.07872e-06 0.00100258 -0.00372518 0.0046354 -0.000598202 0.00161826 0.00536531 -0.00258824 -0.00213897 -0.00348323 0.00396985 -0.0102 -0.0149679 -0.0164748
internal_weight=17721 13944 3777 4265 9679 4579 4065 5100 3310 2713 597 200 467 417
internal_count=17721 13944 3777 4265 9679 4579 4065 5100 3310 2713 597 200 467 417
is_linear=0
shrinkage=0.03


Tree=6
num_leaves=15
num_cat=0
split_feature=20 7 36 30 33 35 34 8 37 26 35 30 15 14
split_gain=71.7575 83.5564 73.5582 50.5158 57.5813 46.3806 45.889 35.492 29.5338 29.0397 27.2771 20.6745 9.62736 11.46
threshold=0.83750000596046459 0.93214285373687755 0.01181360660120845 0.11780798807740213 1.5273656249046328 0.42890904843807226 0.013123217038810255 0.33107143640518194 3.1448624134063725 0.058685725554823882 1.0132819116115572 0.024649415165185932 66.500000000000014 -0.56174489110708226
decision_type=2 2 2 2 2 2 2 2 2 2 2 2 2 2
left_child=2 5 9 4 -3 6 -2 -7 -5 10 -1 -11 13 -4
right_child=1 3 12 8 -6 7 -8 -9 -10 11 -12 -13 -14 -15
leaf_value=-0.00086321743564023547 0.00078398918674901113 0.0048504756605770001 -0.0044738705211291941 0.0012852623137868846 -0.013426650032918147 -0.0050154215578482944 -0.0011261326064132249 -0.00064312361446034231 -0.0077168322219956526 0.0058378154926556104 -0.0061136293262951174 0.00047305020294327214 -0.0019585034794539794 -0.0089616301948164546
leaf_weight=2351 3535 2234 163 1540 147 121 1044 4979 344 120 362 477 50 254
leaf_count=2351 3535 2234 163 1540 147 121 1044 4979 344 120 362 477 50 254
internal_value=-2.53936e-05 0.000968158 -0.00369341 0.00446659 0.00737085 -0.000573406 0.00161826 -0.00254118 0.000796178 -0.00212085 -0.003439 0.00386935 -0.0148394 -0.0163309
internal_weight=17721 13944 3777 4265 2381 9679 4579 5100 1884 3310 2713 597 467 417
internal_count=17721 13944 3777 4265 2381 9679 4579 5100 1884 3310 2713 597 467 417
is_linear=0
shrinkage=0.03


Tree=7
num_leaves=15
num_cat=0
split_feature=20 31 36 33 9 33 2 11 26 35 30 15 14 17
split_gain=69.8548 82.7699 67.9351 54.156 54.5866 41.0365 45.6367 34.2225 27.9009 26.4192 19.2171 8.84831 9.43366 7.73281
threshold=0.83750000596046459 0.73488351702690136 0.01181360660120845 1.5273656249046328 1.293035686016083 0.34483075141906744 0.80500000715255748 0.21428572386503222 0.058685725554823882 1.0132819116115572 0.024649415165185932 66.500000000000014 -0.56174489110708226 22.739999771118168
decision_type=2 2 2 2 2 2 2 2 2 2 2 2 2 2
left_child=2 5 8 4 -3 7 -7 -2 9 -1 -10 12 -4 -5
right_child=1 3 11 13 -6 6 -8 -9 10 -11 -12 -13 -14 -15
leaf_value=-0.00083732091257102841 -0.0011484988979677466 0.001480348588700571 -0.0043396544054953188 -0.028385846824998534 0.011860382336734787 -0.00052376274022612171 0.0010796192802314862 0.0022990676918208074 0.0056626810278759413 -0.0059302204465062633 0.00045885869685497398 -0.0018997483750703601 -0.0086927812889719611 -0.0059202064968548107
leaf_weight=2351 129 1158 163 50 657 7246 3987 620 120 362 477 50 254 97
leaf_count=2351 129 1158 163 50 657 7246 3987 620 120 362 477 50 254 97
internal_value=5.07872e-06 0.00098537 -0.00361398 0.00669725 0.0081157 5.00751e-05 -0.000403276 0.00684913 -0.00210272 -0.00339477 0.00376884 -0.0143255 -0.0157554 -0.0108163
internal_weight=17721 13944 3777 1962 1815 11982 11233 749 3310 2713 597 467 417 147
internal_count=17721 13944 3777 1962 1815 11982 11233 749 3310 2713 597 467 417 147
is_linear=0
shrinkage=0.03


Tree=8
num_leaves=16
num_cat=0
split_feature=20 2 36 33 11 35 33 11 35 20 0 36 13 38 11
split_gain=64.783 76.4168 63.1169 45.0181 44.5046 65.9504 34.1766 28.8948 26.3577 31.9793 22.738 14.6215 9.37866 9.5667 0.78929
threshold=0.83750000596046459 0.80500000715255748 0.01181360660120845 0.34483075141906744 0.78571429848670971 1.5273656249046328 0.56767863035202037 0.21428572386503222 0.41963517665863043 0.59450000524520885 2.5000000000000004 0.0066998905967921027 -0.60785761475563038 0.31887537240982061 0.35714286565780645
decision_type=2 2 2 2 2 2 2 2 2 2 2 2 2 2 2
left_child=2 3 8 7 5 -3 -6 -2 11 -10 -5 -1 14 -14 -4
right_child=1 4 12 10 6 -7 -8 -9 9 -11 -12 -13 13 -15 -16
leaf_value=0.00039274919397616121 -0.0013780903653417731 0.0020295062338240347 -0.010498250989054875 -0.00087650262865394599 -0.0020926509305510387 -0.0074361246701031662 0.011690739160225627 0.0021487117805515511 0.01182303465388204 -0.0017752645961246344 -7.8439936358875716e-05 0.0043788733584462797 -0.005370612636765049 -8.4063678093807407e-05 -0.010213238926581372
leaf_weight=741 111 4324 64 2530 57 628 280 558 113 2320 5456 136 295 56 52
leaf_count=741 111 4324 64 2530 57 628 280 558 113 2320 5456 136 295 56 52
internal_value=-1.69291e-06 0.000942341 -0.00348689 -0.000793761 0.00378332 0.00306543 0.0143323 0.00668161 -0.00203021 -0.00363748 -0.00141998 0.00242873 -0.0138116 -0.0113675 -0.0212069
internal_weight=17721 13944 3777 8655 5289 4952 337 669 3310 2433 7986 877 467 351 116
internal_count=17721 13944 3777 8655 5289 4952 337 669 3310 2433 7986 877 467 351 116
is_linear=0
shrinkage=0.03


Tree=9
num_leaves=16
num_cat=0
split_feature=20 7 36 34 35 35 34 26 13 35 20 36 13 4 11
split_gain=60.2194 74.3088 60.377 46.8014 65.576 43.794 43.0703 34.799 30.3129 24.8789 27.1133 14.6215 10.3818 10.3419 0.78929
threshold=0.83750000596046459 0.93214285373687755 0.01181360660120845 0.0063175817485898742 1.5273656249046328 0.42890904843807226 0.013123217038810255 0.034657223150134094 1.0000000180025095e-35 0.41963517665863043 0.59450000524520885 0.0066998905967921027 -0.60785761475563038 1.6750000119209292 0.35714286565780645
decision_type=2 2 2 2 2 2 2 2 2 2 2 2 2 2 2
left_child=2 5 9 7 -5 6 -2 -3 -7 11 -11 -1 14 -14 -4
right_child=1 3 12 4 -6 8 -8 -9 -10 10 -12 -13 13 -15 -16
leaf_value=0.00038096671815687636 0.00074070225235273852 -0.0030333740171694843 -0.010183303459383229 0.0021921112025855695 -0.0076124410707829483 -0.00013304506489348399 -0.0011035445542060846 0.0090267677164983188 -0.001401177903240825 0.01146834361426558 -0.0017220066582408955 0.0042475071576928919 -0.005226458810145951 -0.0045127206433613967 -0.0099068417587839311
leaf_weight=741 3535 116 64 2870 557 3054 1044 722 2046 113 2320 136 224 127 52
leaf_count=741 3535 116 64 2870 557 3054 1044 722 2046 113 2320 136 224 127 52
internal_value=3.21652e-05 0.000942341 -0.00332804 0.0042415 0.00268748 -0.000511416 0.00161826 0.0105967 -0.00242353 -0.00190332 -0.00346486 0.00242873 -0.0134261 -0.0108547 -0.0212069
internal_weight=17721 13944 3777 4265 3427 9679 4579 838 5100 3310 2433 877 467 351 116
internal_count=17721 13944 3777 4265 3427 9679 4579 838 5100 3310 2433 877 467 351 116
is_linear=0
shrinkage=0.03


Tree=10
num_leaves=14
num_cat=0
split_feature=38 36 31 36 8 35 20 35 11 36 10 15 37
split_gain=60.4708 54.9444 41.1419 40.1969 37.8605 31.9774 21.977 16.842 15.6629 15.0914 11.7857 5.75016 2.90909
threshold=0.57823783159255993 0.014050519093871118 0.42513063549995428 0.012477901764214041 1.0953571200370791 0.34140628576278692 0.83149999380111705 0.28965483605861669 0.6428571641445161 0.0064097696449607619 2.4144439697265629 57.500000000000007 0.61188343167305004
decision_type=2 2 2 2 2 2 2 2 2 2 2 2 2
left_child=1 2 5 -4 7 -1 9 -2 -9 -6 -8 -3 -13
right_child=4 11 3 -5 6 -7 10 8 -10 -11 -12 12 -14
leaf_value=0.0023040832569349873 0.004002642578241798 -0.0012731377770075507 -0.00061300843242297499 0.0015032094819188422 0.0033593045846225305 0.00045142079739983915 0.010747486756569941 -0.00032903856062871964 0.0020089053946978669 -0.004361917796810384 -0.0012211011055774218 -0.0052611991130676224 -0.0073886667170656815
leaf_weight=455 52 52 11604 1047 112 2190 533 786 568 99 58 75 90
leaf_count=455 52 52 11604 1047 112 2190 533 786 568 99 58 75 90
internal_value=2.87794e-05 -0.000632373 -0.000419718 -0.00113114 0.00467391 0.00298299 0.00987531 0.00170697 0.00106352 0.00156398 0.0128426 -0.0156221 -0.0183636
internal_weight=17721 15513 15296 12651 2208 2645 802 1406 1354 211 591 217 165
internal_count=17721 15513 15296 12651 2208 2645 802 1406 1354 211 591 217 165
is_linear=0
shrinkage=0.03


Tree=11
num_leaves=15
num_cat=0
split_feature=20 31 36 33 9 33 2 11 30 26 26 15 14 17
split_gain=56.9332 73.8705 56.7731 49.2877 51.8331 35.7775 38.9727 31.9224 24.6987 17.3113 13.4306 8.72292 10.0373 6.50777
threshold=0.83750000596046459 0.73488351702690136 0.01181360660120845 1.5273656249046328 1.293035686016083 0.34483075141906744 0.80500000715255748 0.21428572386503222 0.058563711121678359 0.051552008837461478 0.061605913564562804 66.500000000000014 -0.56174489110708226 22.739999771118168
decision_type=2 2 2 2 2 2 2 2 2 2 2 2 2 2
left_child=2 5 8 4 -3 7 -7 -2 10 -10 -1 12 -4 -5
right_child=1 3 11 13 -6 6 -8 -9 9 -11 -12 -13 -14 -15
leaf_value=0.00029358927227164135 -0.0011848996838200077 0.0014195276183418572 -0.0038945745219539766 -0.027064424195049307 0.011312148025542059 -0.00049580851879595306 0.00096563871404422045 0.0021043341474225289 -0.0018397040671325798 1.8579710358423e-05 0.0048016345762193959 -0.0013350957929589196 -0.0078634619482972241 -0.0052727530767498944
leaf_weight=913 129 1158 163 50 657 7246 3987 620 1501 769 127 50 254 97
leaf_count=913 129 1158 163 50 657 7246 3987 620 1501 769 127 50 254 97
internal_value=1.8622e-05 0.000903614 -0.00324861 0.00629969 0.00765289 2.003e-05 -0.000403276 0.00636849 -0.00186707 -0.00362115 0.00196154 -0.0130407 -0.0144604 -0.0104082
internal_weight=17721 13944 3777 1962 1815 11982 11233 749 3310 2270 1040 467 417 147
internal_count=17721 13944 3777 1962 1815 11982 11233 749 3310 2270 1040 467 417 147
is_linear=0
shrinkage=0.03


Tree=12
num_leaves=15
num_cat=0
split_feature=38 20 2 35 36 35 8 35 17 30 13 10 13 1
split_gain=55.4329 50.2972 53.5502 78.2347 50.1698 36.4544 22.1355 21.2265 15.6041 11.0983 9.69022 9.4318 8.19193 7.35608
threshold=0.75680395960807811 0.83849999308586132 0.99000000953674328 1.5273656249046328 0.01181360660120845 0.42890904843807226 0.69214284420013439 1.0132819116115572 22.664999961853031 0.011092372238636019 -0.60785761475563038 0.52761635184288036 -0.60785761475563038 0.3900000005960465
decision_type=2 2 2 2 2 2 2 2 2 2 2 2 2 2
left_child=1 4 5 -4 7 -3 9 -1 12 -2 -6 -10 -8 -11
right_child=6 2 3 -5 10 -7 8 -9 11 13 -12 -13 -14 -15
leaf_value=-0.00047077396257251547 -0.0027387498813538141 0.00033582223478163743 0.0024089462498102726 -0.0080011297804207272 -0.0094389446104895178 -0.00074243642606255001 -0.0032261169696911865 -0.0049721796029582157 0.004115171791623809 -0.00021754680410016706 -0.0044854923314048018 0.03175178081888165 0.0049132808028208947 0.0021130536712491944
leaf_weight=2689 93 4346 3684 553 116 4868 64 424 99 52 351 149 161 72
leaf_count=2689 93 4346 3684 553 116 4868 64 424 99 52 351 149 161 72
internal_value=1.18503e-05 -0.000325876 0.000515203 0.00330658 -0.00348603 -0.000768396 0.00834783 -0.0021105 0.0119873 0.000414747 -0.0126552 0.0171774 0.00626667 0.00629032
internal_weight=17721 17031 13451 4237 3580 9214 690 3113 473 217 467 248 225 124
internal_count=17721 17031 13451 4237 3580 9214 690 3113 473 217 467 248 225 124
is_linear=0
shrinkage=0.03


Tree=13
num_leaves=15
num_cat=0
split_feature=38 20 36 2 35 33 8 35 11 35 11 20 13 13
split_gain=55.1114 46.3989 44.356 41.1788 56.4814 38.3919 35.614 22.5843 19.8369 14.8428 14.6671 12.7931 10.2075 6.94649
threshold=0.57823783159255993 0.85050001740455639 0.01181360660120845 0.84499999880790722 1.5273656249046328 0.37646961212158209 1.0953571200370791 1.0132819116115572 0.21428572386503222 0.28965483605861669 0.6428571641445161 0.91249999403953563 -0.60785761475563038 1.0000000180025095e-35
decision_type=2 2 2 2 2 2 2 2 2 2 2 2 2 2
left_child=1 2 7 5 -5 -3 9 -1 13 -2 -11 -10 -4 -8
right_child=6 3 12 4 -6 -7 8 -9 11 10 -12 -13 -14 -15
leaf_value=-0.00055147717005237093 0.0038548542355948848 0.00096021706540189958 -0.0091304243115846485 0.0016755435443874091 -0.0083134847001978592 -0.00052779051906526027 0.0057107605857376819 -0.0051461185135318636 0.0028988701822580077 -0.00031317921449601629 0.0017848794876341302 0.012702316970105945 -0.0043435285614106742 -0.0064241158564480602
leaf_weight=2621 52 947 107 3942 461 6693 55 390 246 786 568 449 352 52
leaf_count=2621 52 947 107 3942 461 6693 55 390 246 786 568 449 352 52
internal_value=2.20078e-05 -0.000609167 -0.00366571 0.000271527 0.00258233 -0.00106021 0.00445652 -0.00234141 0.00950125 0.00157895 0.000974889 0.0113525 -0.0123529 -0.00252336
internal_weight=17721 15513 3470 12043 4403 7640 2208 3011 802 1406 1354 695 459 107
internal_count=17721 15513 3470 12043 4403 7640 2208 3011 802 1406 1354 695 459 107
is_linear=0
shrinkage=0.03


Tree=14
num_leaves=16
num_cat=0
split_feature=20 7 36 34 35 35 10 8 35 20 17 36 13 15 17
split_gain=49.3362 62.3725 50.5912 44.1469 59.0859 37.4492 40.6953 27.8223 25.1551 26.4649 20.4276 13.9653 9.35339 9.22864 1.0026
threshold=0.83750000596046459 0.93214285373687755 0.01181360660120845 0.0040725355502218017 1.5273656249046328 0.49351923167705541 0.44404853880405432 0.35964286327362066 0.41963517665863043 0.59450000524520885 22.44999980926514 0.0066998905967921027 -0.60785761475563038 62.500000000000007 22.575000762939457
decision_type=2 2 2 2 2 2 2 2 2 2 2 2 2 2 2
left_child=2 5 8 10 -5 6 -2 -7 11 -10 -3 -1 14 -14 -4
right_child=1 3 12 4 -6 7 -8 -9 9 -11 -12 -13 13 -15 -16
leaf_value=0.0003739314471320229 0.00031243689359673543 0.0028566800406949243 -0.0087511542086799576 0.0021624261089948061 -0.0070725631518410029 -0.0052935486244965503 -0.0034077305714768922 -0.00093678471185803093 0.011164543414620899 -0.0015557248558743927 0.013496544274711779 0.0042164968345172592 -0.0047935171776646874 -0.0031233807245919878 -0.0092995164055395714
leaf_weight=741 6438 111 54 3278 557 95 258 2888 113 2320 319 136 211 140 62
leaf_count=741 6438 111 54 3278 557 95 258 2888 113 2320 319 136 211 140 62
internal_value=1.52362e-05 0.000839071 -0.00302621 0.00386166 0.00283963 -0.00049282 0.000752688 -0.00328864 -0.00172205 -0.00329223 0.0129767 0.00263398 -0.0122698 -0.00982906 -0.0196552
internal_weight=17721 13944 3777 4265 3835 9679 6696 2983 3310 2433 430 877 467 351 116
internal_count=17721 13944 3777 4265 3835 9679 6696 2983 3310 2433 430 877 467 351 116
is_linear=0
shrinkage=0.03


Tree=15
num_leaves=13
num_cat=0
split_feature=38 36 0 15 2 32 9 1 17 2 26 15
split_gain=47.8419 45.4662 41.0667 58.5698 26.4587 20.3812 20.7767 14.0084 12.0244 8.04597 6.63594 4.07054
threshold=0.75680395960807811 0.014050519093871118 2.5000000000000004 64.500000000000014 0.40500000119209295 0.022409791126847271 0.89410713315010082 0.3900000005960465 22.739999771118168 0.89499998092651378 0.035432687029242523 60.500000000000007
decision_type=2 2 2 2 2 2 2 2 2 2 2 2
left_child=1 2 4 -4 -1 6 9 -7 -9 -2 -3 -12
right_child=5 10 3 -5 -6 7 -8 8 -10 -11 11 -13
leaf_value=-0.001199046877953803 -0.0014792975286959285 -0.0051293066303477039 0.0008482124794721266 -0.00067691282456334707 -0.00039343468291753715 -0.00016206713624499281 0.0073578608662731937 0.0041010665093662727 0.011391575426647992 0.002816599679524902 -0.00063023512171054793 -0.0049905322948593615
leaf_weight=1512 129 62 7164 4747 3391 59 63 145 206 88 50 105
leaf_count=1512 129 62 7164 4747 3391 59 63 145 206 88 50 105
internal_value=-5.07872e-06 -0.00031883 -0.000142738 0.000808496 -0.0024536 0.00773913 0.0015 0.012 0.0142735 -0.00290323 -0.0139631 -0.0106452
internal_weight=17721 17031 16814 11911 4903 690 280 410 351 217 217 155
internal_count=17721 17031 16814 11911 4903 690 280 410 351 217 217 155
is_linear=0
shrinkage=0.03


Tree=16
num_leaves=16
num_cat=0
split_feature=34 7 20 32 30 3 36 35 26 26 5 38 29 31 13
split_gain=46.7625 50.9194 41.9975 41.2038 58.6961 39.1646 35.6726 29.4472 27.9625 22.3302 19.3533 18.2459 17.4518 13.9024 11.4079
threshold=0.0061440516728907832 0.98428571224212658 0.83149999380111705 0.022409791126847271 0.072953157126903548 2.5499999523162846 0.01181360660120845 0.43603140115737921 0.034657223150134094 0.051552008837461478 0.17500000447034839 0.31388977169990545 0.80555438995361339 0.88245674967765819 -0.60785761475563038
decision_type=2 2 2 2 2 2 2 2 2 2 2 2 2 2 2
left_child=1 7 6 5 -5 -4 9 10 13 -2 -1 -10 -9 -3 -8
right_child=2 8 3 4 -6 -7 14 12 11 -11 -12 -13 -14 -15 -16
leaf_value=0.0041411927555226819 -0.0017705443018069607 0.0046188116292334878 -0.0010569876234358484 0.0018488919083747798 -0.0001399327377069922 -0.0098826145355205876 -0.0085481271682343214 -0.0012340825986717849 -0.0010508814772808631 0.00071842979556996291 0.0005283635500257784 0.0091508278719363394 0.0029862339805011044 -0.003829878988229013 -0.0040431111355351121
leaf_weight=166 1824 67 1413 2244 6934 142 116 917 85 841 1763 687 108 63 351
leaf_count=166 1824 67 1413 2244 6934 142 116 917 85 841 1763 687 108 63 351
internal_value=1.8622e-05 0.00294087 -0.000794086 9.78291e-05 0.000862933 -0.00441801 -0.00385057 0.00103588 0.0091796 -0.00251032 0.00321928 0.0113472 -0.00307317 -0.00369231 -0.0114989
internal_weight=17721 3856 13865 10733 9178 1555 3132 2954 902 2665 1929 772 1025 130 467
internal_count=17721 3856 13865 10733 9178 1555 3132 2954 902 2665 1929 772 1025 130 467
is_linear=0
shrinkage=0.03


Tree=17
num_leaves=16
num_cat=0
split_feature=34 7 20 32 30 3 36 35 26 26 5 38 29 31 13
split_gain=44.4741 48.7025 39.1932 37.7584 55.9183 37.9762 35.7251 28.3279 25.164 20.8634 18.1887 17.4964 14.7338 12.5861 11.7701
threshold=0.0061440516728907832 0.98428571224212658 0.83149999380111705 0.022409791126847271 0.072953157126903548 2.5499999523162846 0.01181360660120845 0.43603140115737921 0.034657223150134094 0.051552008837461478 0.17500000447034839 0.28243874013423925 0.41434216499328619 0.88245674967765819 -0.60785761475563038
decision_type=2 2 2 2 2 2 2 2 2 2 2 2 2 2 2
left_child=1 7 6 5 -5 -4 9 10 13 -2 -1 -10 -9 -3 -8
right_child=2 8 3 4 -6 -7 14 12 11 -11 -12 -13 -14 -15 -16
leaf_value=0.004016956972857001 -0.0017174279727527519 0.0044802472803564843 -0.0010252779947327732 0.0017934251511235364 -0.00013573475557578243 -0.0095861360994549689 -0.008291683353187293 -0.0025322302079052437 -0.0038411887527928222 0.0006968769017028641 0.000512512643525005 0.0083475803405149238 -0.00034180681583781273 -0.0037149826185821425 -0.0039218178014690588
leaf_weight=166 1824 67 1413 2244 6934 142 116 171 52 841 1763 720 854 63 351
leaf_count=166 1824 67 1413 2244 6934 142 116 171 52 841 1763 720 854 63 351
internal_value=2.87794e-05 0.00287863 -0.000763794 9.78291e-05 0.000830246 -0.00422508 -0.00371648 0.00101557 0.00898004 -0.00237523 0.00315708 0.0110363 -0.00301463 -0.00323077 -0.0113704
internal_weight=17721 3856 13865 10733 9178 1555 3132 2954 902 2665 1929 772 1025 130 467
internal_count=17721 3856 13865 10733 9178 1555 3132 2954 902 2665 1929 772 1025 130 467
is_linear=0
shrinkage=0.03


Tree=18
num_leaves=15
num_cat=0
split_feature=38 20 2 35 33 36 8 35 11 35 16 38 13 35
split_gain=43.2487 38.1789 36.6769 51.9141 35.136 35.0819 28.5102 20.8598 18.8288 13.1209 14.1152 12.5738 12.1718 6.11115
threshold=0.57823783159255993 0.85050001740455639 0.84499999880790722 1.5273656249046328 0.37646961212158209 0.01181360660120845 1.0953571200370791 1.0132819116115572 0.35714286565780645 0.28965483605861669 1.1297500133514407 0.84538099169731151 -0.60785761475563038 0.97562995553016674
decision_type=2 2 2 2 2 2 2 2 2 2 2 2 2 2
left_child=1 5 4 -4 -3 7 9 -1 13 -2 -11 -10 -7 -8
right_child=6 2 3 -5 -6 12 8 -9 11 10 -12 -13 -14 -15
leaf_value=-0.00049428322490903225 0.0037346136133909582 0.00086876865553673981 0.0015275591184933655 -0.0078503288015209019 -0.00054483510760332287 -0.0079856073626039994 0.0045630023987509446 -0.0049587467412665655 0.0045632596185066817 0.002987773127602341 -3.8099007559310222e-05 0.029876811874129432 -0.0038009799608757543 -0.0064236846400629148
leaf_weight=2621 52 947 3942 461 6693 107 109 390 462 123 1231 141 352 90
leaf_count=2621 52 947 3942 461 6693 107 109 390 462 123 1231 141 352 90
internal_value=1.18503e-05 -0.000547283 0.000251598 0.00243243 -0.00100524 -0.00331988 0.00394022 -0.00214215 0.00845387 0.00136558 0.000797637 0.0110945 -0.0110458 0.000452261
internal_weight=17721 15513 12043 4403 7640 3470 2208 3011 802 1406 1354 603 459 199
internal_count=17721 15513 12043 4403 7640 3470 2208 3011 802 1406 1354 603 459 199
is_linear=0
shrinkage=0.03


Tree=19
num_leaves=16
num_cat=0
split_feature=34 7 20 32 30 3 36 35 17 3 26 5 29 8 13
split_gain=41.6675 46.9781 35.1421 38.6748 51.9623 35.0903 30.1542 24.7227 24.6621 21.2956 20.8078 16.6082 13.8891 13.6442 10.414
threshold=0.006203702650964261 0.98428571224212658 0.81636843085289013 0.022409791126847271 0.072953157126903548 2.5499999523162846 0.012025096453726293 0.43603140115737921 22.505000114440922 1.1749999523162844 0.058685725554823882 0.17500000447034839 0.41434216499328619 1.0728571414947512 -0.60785761475563038
decision_type=2 2 2 2 2 2 2 2 2 2 2 2 2 2 2
left_child=1 7 6 5 -5 -4 10 11 13 -10 -2 -1 -9 -3 -8
right_child=2 8 3 4 -6 -7 14 12 9 -11 -12 -13 -14 -15 -16
leaf_value=0.0034987878747517768 -0.001446546690629666 0.0045472139477351304 -0.0011563078036195171 0.001723757685345366 -0.00016037602902536552 -0.0092371293620344876 -0.0078289070347190397 -0.0024399182484399866 0.0024880846298003679 0.01251544632827757 0.0019588611779240601 0.00046066315126338099 -0.00033392974519002525 -0.00088929087363138148 -0.003690133868598715
leaf_weight=207 2119 50 1303 2251 7051 143 115 171 227 402 412 1828 854 237 351
leaf_count=207 2119 50 1303 2251 7051 143 115 171 227 402 412 1828 854 237 351
internal_value=-1.8622e-05 0.00268612 -0.000801019 0 0.000709525 -0.00456432 -0.00367367 0.000901961 0.00864629 0.0119714 -0.00238246 0.00281572 -0.00289756 0.00135889 -0.0106867
internal_weight=17721 3976 13745 10748 9302 1446 2997 3060 916 629 2531 2035 1025 287 466
internal_count=17721 3976 13745 10748 9302 1446 2997 3060 916 629 2531 2035 1025 287 466
is_linear=0
shrinkage=0.03


Tree=20
num_leaves=12
num_cat=0
split_feature=38 0 15 30 14 2 25 5 37 34 8
split_gain=40.8097 36.4076 59.0308 37.8956 32.7517 25.1197 22.9715 19.8962 12.8279 8.98818 10.0812
threshold=0.75680395960807811 2.5000000000000004 64.500000000000014 0.072953157126903548 0.81174489855766307 0.40500000119209295 0.63555103540420543 4.1499998569488534 0.40910699963569647 0.0022342005977407102 0.67892855405807506
decision_type=2 2 2 2 2 2 2 2 2 2 2
left_child=1 5 4 -4 -3 8 -7 9 -1 -2 -11
right_child=7 2 3 -5 -6 6 -8 -9 -10 10 -12
leaf_value=-0.0005795344832055469 0.003723878282973556 0.00045781198896114965 0.00040168068638389597 -0.001616004884671539 0.0025498675326498933 -0.00084493506797529976 0.0011048260621511483 0.042993734883333717 -0.0022150149458355674 -0.00034881683750260796 0.003818195241966753
leaf_weight=844 84 6164 2028 2784 1073 2684 742 88 712 169 349
leaf_count=844 84 6164 2028 2784 1073 2684 742 88 712 169 349
internal_value=-2.20078e-05 -0.000311784 0.000580131 -0.00199501 0.00229239 -0.00246889 -0.00103327 0.00713043 -0.00562982 0.00518272 0.00370656
internal_weight=17721 17031 12049 4812 7237 4982 3426 690 1556 602 518
internal_count=17721 17031 12049 4812 7237 4982 3426 690 1556 602 518
is_linear=0
shrinkage=0.03


Tree=21
num_leaves=15
num_cat=0
split_feature=19 38 0 15 15 10 25 5 8 34 30 5 30 27
split_gain=42.7045 42.4148 37.9535 48.0938 29.1544 24.0455 22.9421 17.1821 7.53844 7.03906 9.64386 6.42222 5.50699 3.13429
threshold=1.7800000309944155 0.75680395960807811 2.5000000000000004 64.500000000000014 60.500000000000007 0.3005946427583695 0.62458553910255443 4.1499998569488534 0.69214284420013439 0.018220664933323864 0.11780798807740213 0.48999999463558203 0.096192639321088805 0.56038483977317821
decision_type=2 2 2 2 2 2 2 2 2 2 2 2 2 2
left_child=1 2 6 -4 9 11 -1 8 -3 13 -11 -6 -7 -2
right_child=4 7 3 -5 5 12 -8 -9 -10 10 -12 -13 -14 -15
leaf_value=-0.00098061442525634976 -0.0016448076473971182 0.00029401763098788996 0.0008055211494286034 -0.00053640218572293611 0.00082251086472445441 -0.0069441086830993462 0.00030730396864776284 0.039771465672884629 0.0044458656729382427 0.0054628587261488218 -0.0010917013288960183 -0.0034189871908595188 -0.0082455343824455306 -0.00025656390652871415
leaf_weight=3507 51 202 6975 4631 64 125 1305 86 372 50 51 80 108 114
leaf_count=3507 51 202 6975 4631 64 125 1305 86 372 50 51 80 108 114
internal_value=-1.52362e-05 0.000270523 -2.92362e-05 0.000899535 -0.00760498 -0.0129708 -0.00226933 0.00772727 0.00585366 0 0.00623762 -0.00333333 -0.018927 -0.00381818
internal_weight=17721 17078 16418 11606 643 377 4812 660 574 266 101 144 233 165
internal_count=17721 17078 16418 11606 643 377 4812 660 574 266 101 144 233 165
is_linear=0
shrinkage=0.03


Tree=22
num_leaves=16
num_cat=0
split_feature=38 20 27 31 35 36 8 35 17 20 16 20 16 13 25
split_gain=39.8047 33.1729 36.5647 45.1775 36.0386 32.2762 24.6415 19.9151 17.4447 15.9934 12.4066 15.2344 13.4111 10.5828 4.96997
threshold=0.57823783159255993 0.85050001740455639 0.56038483977317821 0.40399101376533514 1.5273656249046328 0.01181360660120845 1.10357141494751 1.0132819116115572 22.44999980926514 0.98849999904632579 1.1297500133514407 0.88250002264976513 1.1434500217437746 -0.60785761475563038 0.6195775866508485
decision_type=2 2 2 2 2 2 2 2 2 2 2 2 2 2 2
left_child=1 5 3 -3 -4 7 10 -1 14 -10 11 -2 -12 -7 -8
right_child=6 2 4 -5 -6 13 8 -9 9 -11 12 -13 -14 -15 -16
leaf_value=-0.00042406920228694046 -0.00010887732001610459 0.00043257067286361185 0.00059084417294962954 -0.0013528679335003549 -0.0074924398557892772 -0.0074465997185724749 0.0052972434427874613 -0.0047069185898552853 0.0023342708114686157 0.014439258741649691 -0.0011830280694571057 0.004172239541434722 0.00082908407271856327 -0.0035460815830206365 -0.00049149795218958437
leaf_weight=2621 59 1336 8022 2219 466 107 111 390 200 326 367 64 917 352 164
leaf_count=2621 59 1336 8022 2219 466 107 111 390 200 326 367 64 917 352 164
internal_value=8.46453e-06 -0.000527944 0.000216723 -0.00233755 0.00128652 -0.00311239 0.00377717 -0.00198273 0.00797753 0.0111787 0.00138593 0.0104878 0.000514019 -0.0105229 0.00185455
internal_weight=17721 15513 12043 3555 8488 3470 2208 3011 801 526 1407 123 1284 459 275
internal_count=17721 15513 12043 3555 8488 3470 2208 3011 801 526 1407 123 1284 459 275
is_linear=0
shrinkage=0.03


Tree=23
num_leaves=16
num_cat=0
split_feature=34 7 20 32 30 5 36 26 35 26 5 17 31 29 13
split_gain=37.4805 45.5565 31.8243 35.7774 45.0456 36.1488 27.7957 24.8176 22.9724 22.2122 17.2218 16.1166 13.9024 13.5781 9.64744
threshold=0.006203702650964261 0.98428571224212658 0.83750000596046459 0.022409791126847271 0.072953157126903548 0.29000000655651098 0.01181360660120845 0.034657223150134094 0.43603140115737921 0.051552008837461478 0.17500000447034839 22.505000114440922 0.88245674967765819 0.80555438995361339 -0.60785761475563038
decision_type=2 2 2 2 2 2 2 2 2 2 2 2 2 2 2
left_child=1 8 6 5 -5 -4 9 12 10 -2 -1 -9 -3 -10 -8
right_child=2 7 3 4 -6 -7 14 11 13 -11 -12 -13 -14 -15 -16
leaf_value=0.003410587959558003 -0.0014791063930666758 0.0040009649371468741 -0.0061594402566822705 0.0016175705853432474 -0.00011568152707538192 -0.0010676504234136657 -0.0074011619555716841 0.002252747005895445 -0.0011408511142851207 0.00081213824264678028 0.00044085548654925453 0.0085249185296722256 -0.0035849831896864436 0.0028139710701768606 -0.0034401829335209428
leaf_weight=207 1930 67 188 2233 6815 1236 116 223 917 876 1828 563 63 108 351
leaf_count=207 1930 67 188 2233 6815 1236 116 223 917 876 1828 563 63 108 351
internal_value=1.52362e-05 0.00258048 -0.00072681 8.02139e-05 0.000775862 -0.00433989 -0.00330889 0.00844978 0.000823529 -0.00218104 0.0026683 0.010458 -0.00369231 -0.00283902 -0.0100857
internal_weight=17721 3976 13745 10472 9048 1424 3273 916 3060 2806 2035 786 130 1025 467
internal_count=17721 3976 13745 10472 9048 1424 3273 916 3060 2806 2035 786 130 1025 467
is_linear=0
shrinkage=0.03


Tree=24
num_leaves=15
num_cat=0
split_feature=19 38 0 15 15 10 2 5 8 35 6 5 30 37
split_gain=37.8663 40.2936 33.5165 45.4024 29.0362 23.7431 21.2205 17.6853 6.87799 6.5721 7.93167 5.68889 5.41738 4.12512
threshold=1.7800000309944155 0.75680395960807811 2.5000000000000004 64.500000000000014 60.500000000000007 0.3005946427583695 0.40500000119209295 4.1499998569488534 0.69214284420013439 0.57084041833877575 1.0000000180025095e-35 0.48999999463558203 0.096192639321088805 0.51444745063781749
decision_type=2 2 2 2 2 2 2 2 2 2 2 2 2 2
left_child=1 2 6 -4 9 11 -1 8 -3 13 -11 -6 -7 -2
right_child=4 7 3 -5 5 12 -8 -9 -10 10 -12 -13 -14 -15
leaf_value=-0.0011159642518727903 1.7039562238360118e-05 0.00028068815809176772 0.00078562000521980441 -0.00052616016129510912 0.00077165900570558992 -0.006750040301982594 -0.00028712953121160938 0.038525484231086912 0.0041804817674432329 -0.0004166200604878969 0.0053241435887394261 -0.0033306724545099612 -0.0078809172639671531 -0.0035730147829717211
leaf_weight=1500 63 202 6975 4631 64 125 3312 86 372 97 50 80 108 56
leaf_count=1500 63 202 6975 4631 64 125 3312 86 372 97 50 80 108 56
internal_value=8.46453e-06 0.00027755 -1.46181e-05 0.000858177 -0.00713841 -0.0124934 -0.0021197 0.00754545 0.0056446 0.000451128 0.00469388 -0.00291667 -0.018412 -0.00478992
internal_weight=17721 17078 16418 11606 643 377 4812 660 574 266 147 144 233 119
internal_count=17721 17078 16418 11606 643 377 4812 660 574 266 147 144 233 119
is_linear=0
shrinkage=0.03


Tree=25
num_leaves=16
num_cat=0
split_feature=38 33 20 2 8 9 35 9 11 34 20 16 5 16 13
split_gain=36.7816 29.8192 28.4552 42.0769 25.0395 23.4903 22.9901 21.7882 16.5635 11.223 11.0138 10.7656 8.77547 7.65575 5.99084
threshold=0.57823783159255993 0.37646961212158209 0.85050001740455639 0.84499999880790722 1.10357141494751 0.52892857789993297 1.0132819116115572 0.45035713911056524 0.21428572386503222 0.0036576900165528063 0.91950002312660228 1.1297500133514407 0.19000000506639483 1.1423000097274782 1.0000000180025095e-35
decision_type=2 2 2 2 2 2 2 2 2 2 2 2 2 2 2
left_child=1 5 6 -4 9 7 -3 -1 14 12 -10 -11 -2 -7 -6
right_child=4 2 3 -5 8 13 -8 -9 10 11 -12 -13 -14 -15 -16
leaf_value=0.00080623768814906129 0.0062271356021135421 -0.00083389614565676821 -0.00051769718661769798 0.00096699078533752346 0.0050865285341658269 0.00030388512570472391 -0.0051553208548750801 -0.00082042897271336775 0.0026431908668819891 0.0029413332220843123 0.011151608791355374 -0.00013845918391228361 0.0012344218922890422 0.0034925805913157771 -0.0063667887779278037
leaf_weight=777 52 2492 6693 4298 55 57 629 340 250 114 444 1095 146 227 52
leaf_count=777 52 2492 6693 4298 55 57 629 340 250 114 444 1095 146 227 52
internal_value=4.57085e-05 -0.000469928 -0.000884354 -0.0001665 0.00366848 0.0037045 -0.00341237 0.00174575 0.00790262 0.001258 0.00959654 0.000173697 0.00787879 0.0114085 -0.00308411
internal_weight=17721 15513 14112 10991 2208 1401 3121 1117 801 1407 694 1209 198 284 107
internal_count=17721 15513 14112 10991 2208 1401 3121 1117 801 1407 694 1209 198 284 107
is_linear=0
shrinkage=0.03


Tree=26
num_leaves=13
num_cat=0
split_feature=11 33 7 20 20 20 27 37 32 9 34 4
split_gain=35.8242 38.7724 42.7204 38.494 20.685 20.9991 24.0685 19.2798 14.5539 17.2612 8.34363 2.97709
threshold=0.21428572386503222 0.3461094349622727 0.4435714334249497 0.83250001072883617 0.59450000524520885 0.68750000000000011 0.56038483977317821 0.38662980496883398 0.0040454213740304121 0.60482141375541698 0.011756666935980322 0.48999999463558203
decision_type=2 2 2 2 2 2 2 2 2 2 2 2
left_child=4 8 7 -4 11 10 -7 -3 -2 -10 -6 -1
right_child=1 2 3 -5 5 6 -8 -9 9 -11 -12 -13
leaf_value=0.0068198143285513801 0.003935823875048013 -0.00020935953360653881 -0.00089391535484666638 0.00077587659991608111 -0.0025983532201315023 -0.0013171151189092386 -0.0002533588955516441 -0.0019821807098763262 0.0010479969728003861 0.0048076330636191737 -0.0056762954417605349 0.0026250642604491552
leaf_weight=56 92 939 2060 6986 205 1151 4475 891 561 65 190 50
leaf_count=56 92 939 2060 6986 205 1151 4475 891 561 65 190 50
internal_value=3.89369e-05 0.00101949 0.00057374 0.00141941 -0.00181655 -0.00204783 -0.00157839 -0.00360656 0.00777159 0.00613419 -0.00873418 0.0113208
internal_weight=17721 11594 10876 9046 6127 6021 5626 1830 718 626 395 106
internal_count=17721 11594 10876 9046 6127 6021 5626 1830 718 626 395 106
is_linear=0
shrinkage=0.03


Tree=27
num_leaves=15
num_cat=0
split_feature=38 31 15 14 35 8 35 11 0 20 36 4 18 35
split_gain=34.8748 27.2317 25.2939 46.5405 22.5058 21.9941 16.3821 16.012 14.7727 12.4988 12.0352 10.1764 9.55026 6.9069
threshold=0.57823783159255993 0.42513063549995428 64.500000000000014 0.81174489855766307 0.34140628576278692 1.10357141494751 1.6935814023017886 0.35714286565780645 1.5000000000000002 0.91950002312660228 0.00075106014264747511 0.19000000506639483 67.31000137329103 0.97562995553016674
decision_type=2 2 2 2 2 2 2 2 2 2 2 2 2 2
left_child=1 4 3 -3 10 11 -4 13 -6 -9 -1 -2 -13 -7
right_child=5 2 6 -5 8 7 -8 9 -10 -11 -12 12 -14 -15
leaf_value=0.005356532069637372 -0.0026632356287725565 -0.00030871943097296456 -0.0011826185357036627 0.0025864748446475698 -0.0013241740610977666 0.0041716714472496705 -0.023850434118312946 0.0022456942052985884 0.0005145499657267902 0.01120411460970709 0.0013124270362874684 -0.001000228715221742 0.0010983833728541899 -0.0065708576191690383
leaf_weight=91 78 8456 3511 845 274 109 56 205 1916 397 364 242 1087 90
leaf_count=91 78 8456 3511 845 274 109 56 205 1916 397 364 242 1087 90
internal_value=3.21652e-05 -0.000469928 -0.00103979 -0.000216106 0.00230246 0.00355978 -0.00318755 0.00752809 0.0010411 0.00996678 0.00837363 0.00130064 0.00191874 0.000150754
internal_weight=17721 15513 12868 9301 2645 2208 3567 801 2190 602 455 1407 1329 199
internal_count=17721 15513 12868 9301 2645 2208 3567 801 2190 602 455 1407 1329 199
is_linear=0
shrinkage=0.03


Tree=28
num_leaves=16
num_cat=0
split_feature=11 34 3 33 31 36 17 13 36 36 7 19 35 9 35
split_gain=34.4142 33.327 33.9005 24.3484 21.503 21.2514 21.2342 17.3691 20.0119 24.0361 14.8184 13.1342 12.5909 12.4632 11.3025
threshold=0.21428572386503222 0.0061440516728907832 1.1749999523162844 0.34798131883144384 0.32772336900234228 0.014050519093871118 22.505000114440922 1.0000000180025095e-35 0.012477901764214041 0.012025096453726293 0.93214285373687755 1.7300000190734866 0.45560668408870703 0.59714284539222728 0.51640444993972789
decision_type=2 2 2 2 2 2 2 2 2 2 2 2 2 2 2
left_child=7 2 4 13 -2 -5 -4 8 9 -1 12 -12 -9 -3 -10
right_child=1 3 6 5 -6 -7 -8 10 14 -11 11 -13 -14 -15 -16
leaf_value=-0.00020185493396188383 0.0037951377225589698 0.0014625731310685245 0.00029724801563548326 -1.4113629997945281e-05 0.00042913023749749081 -0.0037192890640005958 0.0087967848100898183 -0.0006166652845329692 0.0043710781186179822 -0.0046861892629395411 0.00021023450953709568 -0.0061678811489865011 -0.002144883727080894 0.005351702673333584 0.0012178511317730116
leaf_weight=3073 72 293 138 8362 2128 144 403 741 65 191 839 63 916 54 239
leaf_count=3073 72 293 138 8362 2128 144 403 741 65 191 839 63 916 54 239
internal_value=1.18503e-05 0.000972917 0.00386355 7.79397e-05 0.00220909 -0.000239831 0.0105915 -0.00180676 -0.000454036 -0.00113971 -0.00369285 -0.00059867 -0.00537719 0.00786744 0.00690789
internal_weight=17721 11594 2741 8853 2200 8506 541 6127 3568 3264 2559 902 1657 347 304
internal_count=17721 11594 2741 8853 2200 8506 541 6127 3568 3264 2559 902 1657 347 304
is_linear=0
shrinkage=0.03


Tree=29
num_leaves=15
num_cat=0
split_feature=19 38 0 15 15 10 7 5 7 35 6 5 30 37
split_gain=34.0484 35.5209 28.0378 39.3895 26.2505 20.6914 18.6329 17.014 7.75215 6.5721 7.93167 5.68889 5.24038 4.12512
threshold=1.7800000309944155 0.75680395960807811 2.5000000000000004 64.500000000000014 60.500000000000007 0.3005946427583695 0.9407142996788026 4.1499998569488534 0.46999999880790716 0.57084041833877575 1.0000000180025095e-35 0.48999999463558203 0.096192639321088805 0.51444745063781749
decision_type=2 2 2 2 2 2 2 2 2 2 2 2 2 2
left_child=1 2 6 -4 9 11 -1 8 -3 13 -11 -6 -7 -2
right_child=4 7 3 -5 5 12 -8 -9 -10 10 -12 -13 -14 -15
leaf_value=-0.00077599275267753183 7.2296259752171744e-05 -0.00026847013125939515 0.00075965851446590095 -0.00047677716497335443 0.00073011356142513848 -0.0066113387148686231 0.00024489201938897927 0.036666854263655888 0.0025918466450388193 -0.00035205673317215418 0.005202485877523485 -0.0031814125875562261 -0.0075052092430689006 -0.0034563651859246948
leaf_weight=3143 63 58 6975 4631 64 125 1669 86 516 97 50 80 108 56
leaf_count=3143 63 58 6975 4631 64 125 1669 86 516 97 50 80 108 56
internal_value=1.18503e-05 0.00026701 -7.30905e-06 0.00079097 -0.00676516 -0.0118568 -0.00193267 0.00709091 0.00522648 0.000451128 0.00469388 -0.00291667 -0.017382 -0.00478992
internal_weight=17721 17078 16418 11606 643 377 4812 660 574 266 147 144 233 119
internal_count=17721 17078 16418 11606 643 377 4812 660 574 266 147 144 233 119
is_linear=0
shrinkage=0.03


Tree=30
num_leaves=15
num_cat=0
split_feature=19 38 33 26 7 10 15 11 37 35 8 34 30 34
split_gain=33.1508 34.1631 27.2005 25.294 29.3315 23.7863 22.4389 18.9477 18.5549 10.9185 6.91826 5.76214 8.43594 2.95105
threshold=1.7800000309944155 0.50404340028762828 0.34483075141906744 0.030451830476522449 0.43142856657505041 2.9779762029647832 60.500000000000007 0.21428572386503222 0.49188494682312017 0.82815513014793407 1.6964285969734194 0.018220664933323864 0.11780798807740213 0.006203702650964261
decision_type=2 2 2 2 2 2 2 2 2 2 2 2 2 2
left_child=1 2 7 9 -5 -4 11 -1 -8 -3 -10 13 -13 -2
right_child=6 3 5 4 -6 -7 8 -9 10 -11 -12 12 -14 -15
leaf_value=-0.00095863853850360601 0.00045302988155362521 -0.0019616567871631931 -0.00020902152595441524 -0.00023130318007700155 0.0020184666409573267 -0.015582748459857593 0.00020342342434020386 0.001875684448113053 -0.0046049527387743237 0.0045631479501005486 -0.024938540972615102 0.0048897574875108058 -0.00081157170067322146 -0.0013385859256608644
leaf_weight=117 56 233 13026 558 2442 93 88 541 239 68 50 50 51 109
leaf_count=117 56 233 13026 558 2442 93 88 541 239 68 50 50 51 109
internal_value=1.52362e-05 0.00026701 -0.00038978 0.00300818 0.00384 -0.000688315 -0.00667185 0.00556231 -0.0113793 -0.00528239 -0.0150519 0 0.00564356 -0.00345455
internal_weight=17721 17078 13777 3301 3000 13119 643 658 377 301 289 266 101 165
internal_count=17721 17078 13777 3301 3000 13119 643 658 377 301 289 266 101 165
is_linear=0
shrinkage=0.03


Tree=31
num_leaves=15
num_cat=0
split_feature=19 7 35 20 27 35 0 15 37 29 8 35 3 37
split_gain=32.9497 32.5003 49.6329 47.2312 34.3906 34.2693 25.221 22.4389 18.5549 17.6386 6.91826 5.4894 5.91498 4.12512
threshold=1.7800000309944155 0.93214285373687755 0.49351923167705541 0.86849999427795421 0.56038483977317821 1.0132819116115572 2.5000000000000004 60.500000000000007 0.49188494682312017 0.80555438995361339 1.6964285969734194 0.57084041833877575 1.4700000286102297 0.51444745063781749
decision_type=2 2 2 2 2 2 2 2 2 2 2 2 2 2
left_child=1 2 6 5 -5 -3 -1 11 -9 -4 -10 13 -13 -2
right_child=7 3 9 4 -6 -7 -8 8 10 -11 -12 12 -14 -15
leaf_value=-0.00044438734605948394 5.6536475512997795e-05 0.00046932232343813992 -0.001308008149936115 -0.00096969826357593556 0.0028112395243634512 -0.0047396272920227269 0.00048822906795344947 0.00019732072160999776 -0.0044668041566110943 0.0024226431660137001 -0.024190384743436648 0.0028610649490769359 -0.00087624674672734696 -0.0033125166525771279
leaf_weight=2163 63 1258 3552 542 3286 698 5422 88 239 157 50 90 57 56
leaf_count=2163 63 1258 3552 542 3286 698 5422 88 239 157 50 90 57 56
internal_value=-5.07872e-06 0.00024593 -0.000690632 0.00207469 0.00401254 -0.00171779 0.000700066 -0.00667185 -0.0113793 -0.00353465 -0.0150519 0 0.00387755 -0.00478992
internal_weight=17721 17078 11294 5784 3828 1956 7585 643 377 3709 289 266 147 119
internal_count=17721 17078 11294 5784 3828 1956 7585 643 377 3709 289 266 147 119
is_linear=0
shrinkage=0.03


Tree=32
num_leaves=14
num_cat=0
split_feature=19 38 0 15 15 37 25 5 8 10 35 35 37
split_gain=33.5737 30.5422 26.4822 38.9197 20.0966 18.0685 17.2229 16.6003 8.66099 5.71187 4.50408 5.64684 4.12512
threshold=1.7800000309944155 0.75680395960807811 2.5000000000000004 64.500000000000014 60.500000000000007 0.49188494682312017 0.62458553910255443 4.1499998569488534 0.69214284420013439 0.29036730527877813 0.57084041833877575 0.68310886621475231 0.51444745063781749
decision_type=2 2 2 2 2 2 2 2 2 2 2 2 2
left_child=1 2 6 -4 10 -6 -1 8 -3 -7 12 -12 -2
right_child=4 7 3 -5 5 9 -8 -9 -10 -11 11 -13 -14
leaf_value=-0.00088582291807480138 5.4840381247607848e-05 -2.2592416205999607e-05 0.00072885879867935375 -0.00046225113887524881 0.00019140109996169781 -0.0035796720149589654 0.00027074572344196402 0.035421957450786586 0.0035969056989930085 -0.0067283954908656214 0.0033579137360743704 -0.00027505005100534317 -0.0032131411529998143
leaf_weight=3507 63 202 6975 4631 88 62 1305 86 372 227 58 89 56
leaf_count=3507 63 202 6975 4631 88 62 1305 86 372 227 58 89 56
internal_value=-3.5551e-05 0.000217824 -3.65453e-05 0.000739273 -0.00676516 -0.0112202 -0.00190773 0.00654545 0.00470383 -0.0148443 -0.000451128 0.00306122 -0.00478992
internal_weight=17721 17078 16418 11606 643 377 4812 660 574 289 266 147 119
internal_count=17721 17078 16418 11606 643 377 4812 660 574 289 266 147 119
is_linear=0
shrinkage=0.03


Tree=33
num_leaves=14
num_cat=0
split_feature=19 38 0 15 15 37 5 25 8 11 35 35 37
split_gain=32.5493 29.0357 25.9003 37.5158 19.507 17.5885 17.0988 16.0209 5.88962 5.65836 4.50408 5.64684 4.12512
threshold=1.7800000309944155 0.79712194204330455 2.5000000000000004 64.500000000000014 60.500000000000007 0.49188494682312017 4.1499998569488534 0.62458553910255443 1.6964285969734194 0.78571429848670971 0.57084041833877575 0.68310886621475231 0.51444745063781749
decision_type=2 2 2 2 2 2 2 2 2 2 2 2 2
left_child=1 2 7 -4 10 -6 9 -1 -7 -3 12 -12 -2
right_child=4 6 3 -5 5 8 -8 -9 -10 -11 11 -13 -14
leaf_value=-0.00084998724839331185 5.3195169810179591e-05 0.0010425708530241943 0.00072448432705532429 -0.00042261521661390964 0.00018565906696284688 -0.0042254098714639924 0.037768315953639858 0.00026262335173870503 -0.023262821336407582 0.0039556510383332447 0.0032571763239921396 -0.00026679854947518286 -0.0031167469184098196
leaf_weight=3548 63 232 7048 4696 88 239 80 1327 50 147 58 89 56
leaf_count=3548 63 232 7048 4696 88 239 80 1327 50 147 58 89 56
internal_value=-4.57085e-05 0.000203771 -1.80516e-06 0.00076124 -0.00667185 -0.011061 0.00764706 -0.00184 -0.0146367 0.00498681 -0.000451128 0.00306122 -0.00478992
internal_weight=17721 17078 16619 11744 643 377 459 4875 289 379 266 147 119
internal_count=17721 17078 16619 11744 643 377 459 4875 289 379 266 147 119
is_linear=0
shrinkage=0.03


Tree=34
num_leaves=15
num_cat=0
split_feature=19 38 31 27 8 15 35 37 17 26 8 35 35 20
split_gain=32.7492 28.6244 21.9921 27.8914 21.2176 19.507 18.071 17.5885 15.4786 10.7987 5.88962 3.51808 4.71745 3.37302
threshold=1.7800000309944155 0.57823783159255993 0.42513063549995428 0.56038483977317821 1.1450000405311587 60.500000000000007 0.34140628576278692 0.49188494682312017 23.474999427795414 0.030451830476522449 1.6964285969734194 0.57084041833877575 0.68310886621475231 0.99950000643730175
decision_type=2 2 2 2 2 2 2 2 2 2 2 2 2 2
left_child=1 2 6 -4 9 11 -1 -7 -6 -3 -9 13 -13 -2
right_child=5 4 3 -5 8 7 -8 10 -10 -11 -12 12 -14 -15
leaf_value=0.0018403732735421778 2.6681294066741882e-05 -0.0013936028509400789 -0.00102447944889269 -1.8228034994060769e-05 0.0033557696769988244 0.00018008929495396151 0.00031945498892093298 -0.0040986475753200724 0.010388115114948719 0.0008678179927729358 -0.02256493669631535 0.0031594610342723754 -0.00025879459299092737 -0.0025514986154522826
leaf_weight=455 56 158 2463 9937 571 88 2111 239 161 1222 50 58 89 63
leaf_count=455 56 158 2463 9937 571 88 2111 239 161 1222 50 58 89 63
internal_value=-2.53936e-05 0.000224851 -0.000236536 -0.000759677 0.00349432 -0.00667185 0.0022915 -0.011061 0.00762295 0.00130435 -0.0146367 -0.000451128 0.00265306 -0.00428571
internal_weight=17721 17078 14966 12400 2112 643 2566 377 732 1380 289 266 147 119
internal_count=17721 17078 14966 12400 2112 643 2566 377 732 1380 289 266 147 119
is_linear=0
shrinkage=0.03


Tree=35
num_leaves=13
num_cat=0
split_feature=19 38 0 15 15 5 25 5 3 2 33 20
split_gain=29.9528 27.0318 24.0568 34.9762 18.3631 17.8155 14.693 10.7436 5.93512 5.67592 5.65458 3.94975
threshold=1.7800000309944155 0.79712194204330455 2.5000000000000004 64.500000000000014 62.500000000000007 4.1499998569488534 0.62458553910255443 0.48999999463558203 1.4700000286102297 0.89499998092651378 0.65283098816871654 0.89949998259544384
decision_type=2 2 2 2 2 2 2 2 2 2 2 2
left_child=1 2 6 -4 8 9 -1 -6 10 -3 -2 -9
right_child=4 5 3 -5 7 -7 -8 11 -10 -11 -12 -13
leaf_value=-0.00082408385765036509 -0.00027266914757610218 0.00017801140944254519 0.00070804004969816556 -0.00039815435516503552 -0.001217449784078108 0.036323623021582208 0.00024453718919337458 -0.0076473982407637975 -0.0029712204355450992 0.004968698280708438 0.0028314550881803017 -0.0033873884241748596
leaf_weight=3548 207 160 7048 4696 81 80 1327 87 82 219 59 127
leaf_count=3548 207 160 7048 4696 81 80 1327 87 82 219 59 127
internal_value=-3.5551e-05 0.000203771 5.41549e-06 0.000740804 -0.00639191 0.00738562 -0.00176615 -0.0118983 -0.00172414 0.00467018 0.000451128 -0.0154206
internal_weight=17721 17078 16619 11744 643 459 4875 295 348 379 266 214
internal_count=17721 17078 16619 11744 643 459 4875 295 348 379 266 214
is_linear=0
shrinkage=0.03


Tree=36
num_leaves=14
num_cat=0
split_feature=11 34 7 36 36 31 17 20 27 20 33 16 4
split_gain=27.4537 28.8714 29.7379 22.0993 25.0818 17.6713 17.1081 16.8257 19.3866 26.3746 13.876 6.16455 3.05358
threshold=0.21428572386503222 0.0061440516728907832 1.1742857098579409 0.014050519093871118 0.012477901764214041 0.32772336900234228 22.505000114440922 0.59450000524520885 0.56038483977317821 0.69400000572204601 0.41231869161129003 1.1430000066757204 0.48999999463558203
decision_type=2 2 2 2 2 2 2 2 2 2 2 2 2
left_child=7 2 5 4 -3 -2 -4 12 10 -10 -9 -5 -1
right_child=1 3 6 11 -6 -7 -8 8 9 -11 -12 -13 -14
leaf_value=0.0066827301227432604 0.0036146344681295215 -5.0033773489619096e-05 0.0013643238027611986 -0.0047087923346567813 0.0019922622410685799 0.00034293980025398201 0.011303747594432074 -0.0001921333520328338 -0.0038888520762073372 -0.00014922868872033505 -0.0019267846287179232 -0.0013900379747558175 0.002750053114427449
leaf_weight=56 72 8169 132 83 540 2173 364 429 329 4475 788 61 50
leaf_count=56 72 8169 132 83 540 2173 364 429 329 4475 788 61 50
internal_value=-3.5551e-05 0.000822839 0.00351332 -1.0166e-05 0.00018257 0.00204454 0.0101613 -0.00165987 -0.00186846 -0.00101166 -0.00525062 -0.0116667 0.0101887
internal_weight=17721 11594 2741 8853 8709 2245 496 6127 6021 4804 1217 144 106
internal_count=17721 11594 2741 8853 8709 2245 496 6127 6021 4804 1217 144 106
is_linear=0
shrinkage=0.03


Tree=37
num_leaves=14
num_cat=0
split_feature=19 7 35 20 30 35 13 34 15 5 3 33 20
split_gain=27.5559 27.2212 48.3131 41.9716 32.8124 32.4774 23.3248 19.9074 16.2266 9.38089 5.93512 5.65458 4.49917
threshold=1.7800000309944155 0.93214285373687755 0.42890904843807226 0.86849999427795421 0.11780798807740213 1.0132819116115572 1.0000000180025095e-35 0.012857499066740276 62.500000000000007 0.48999999463558203 1.4700000286102297 0.65283098816871654 0.99950000643730175
decision_type=2 2 2 2 2 2 2 2 2 2 2 2 2
left_child=1 2 7 5 -5 -3 -4 -1 10 -10 11 -2 -11
right_child=8 3 6 4 -6 -7 -8 -9 9 12 -12 -13 -14
leaf_value=0.00060687855432826573 -0.00026298805994413052 0.00039513295344065512 -0.00027661393096740401 0.0033513431774987346 0.0004554550660590564 -0.0046353471221807141 -0.0012830122922838872 -0.0004901845244762496 -0.0011751622899947797 -0.0064949389538538228 -0.0030494016060644219 0.0026674375170636436 -0.0031355885056679978
leaf_weight=3755 207 1258 3578 2062 1766 698 2470 1491 81 108 82 59 106
leaf_count=3755 207 1258 3578 2062 1766 698 2470 1491 81 108 82 59 106
internal_value=-1.52362e-05 0.000214311 -0.000642819 0.00188797 0.00371473 -0.00168712 -0.00247024 0.00146397 -0.00611198 -0.0112881 -0.00172414 0.000451128 -0.0145794
internal_weight=17721 17078 11294 5784 3828 1956 6048 5246 643 295 348 266 214
internal_count=17721 17078 11294 5784 3828 1956 6048 5246 643 295 348 266 214
is_linear=0
shrinkage=0.03


Tree=38
num_leaves=15
num_cat=0
split_feature=26 35 7 34 34 26 35 2 31 3 3 15 10 3
split_gain=26.0328 34.2174 30.6235 43.1519 43.9919 25.1898 27.4121 19.6151 17.1658 15.1297 14.8897 14.6266 11.5648 9.39996
threshold=0.034657223150134094 0.49226060509681707 0.93214285373687755 0.006203702650964261 0.017437067814171318 0.037919048219919212 0.28965483605861669 0.78999999165534984 0.88245674967765819 1.3499999642372134 0.60500001907348644 61.500000000000007 0.31063431501388555 0.3900000005960465
decision_type=2 2 2 2 2 2 2 2 2 2 2 2 2 2
left_child=1 9 5 11 -5 12 -7 13 -9 10 -1 -4 -2 -3
right_child=2 7 3 4 -6 6 -8 8 -10 -11 -12 -13 -14 -15
leaf_value=0.00017988294052091389 0.0012354252623161517 -0.0040819121557059031 0.0087472095650253014 -0.00096351637322624189 0.0024695941991622924 0.00418148651306827 -0.00037365845259020329 -0.00044134107731271785 -0.0045132356996103679 -0.0058027688548512157 0.0026985501576703248 0.0021661581365057109 -0.00014317664525177748 -0.0018416581590289063
leaf_weight=843 1209 104 356 2151 1847 95 7673 1226 238 57 221 473 543 685
leaf_count=843 1209 104 356 2151 1847 95 7673 1226 238 57 221 473 543 685
internal_value=-1.18503e-05 -0.00238293 0.000545759 0.00249223 0.0012006 -0.000441176 -0.00117405 -0.00451398 -0.00245902 0.00190009 0.00270677 0.00872135 0.00280822 -0.008327
internal_weight=17721 3374 14347 4827 3998 9520 7768 2253 1464 1121 1064 829 1752 789
internal_count=17721 3374 14347 4827 3998 9520 7768 2253 1464 1121 1064 829 1752 789
is_linear=0
shrinkage=0.03


Tree=39
num_leaves=14
num_cat=0
split_feature=11 33 7 20 37 20 27 20 36 9 33 3 4
split_gain=25.4407 27.0297 33.6676 29.3505 18.2852 18.1814 17.6304 24.3881 12.73 15.9013 11.5443 7.09191 2.37736
threshold=0.21428572386503222 0.34483075141906744 0.4435714334249497 0.83250001072883617 0.2754227370023728 0.59450000524520885 0.56038483977317821 0.69400000572204601 0.0011035432689823212 0.52214285731315624 0.40946505963802343 0.3900000005960465 0.48999999463558203
decision_type=2 2 2 2 2 2 2 2 2 2 2 2 2
left_child=5 8 4 -4 -3 12 10 -8 11 -10 -7 -2 -1
right_child=1 2 3 -5 -6 6 7 -9 9 -11 -12 -13 -14
leaf_value=0.0065081635083729565 0.006132798850822521 0.00085928657270669957 -0.00088418788421971083 0.00067793983773291951 -0.0010932700296751156 -0.00016201180931006999 -0.0037501109169344538 -0.00014106248788907738 0.00027876849351801767 0.0036432584638332482 -0.0017583018352452841 0.0010156196321996684 0.0028355174258568342
leaf_weight=56 70 288 2062 6998 1577 392 329 4475 391 134 825 74 50
leaf_count=56 70 288 2062 6998 1577 392 329 4475 391 134 825 74 50
internal_value=1.69291e-06 0.000828014 0.000469565 0.00122517 -0.00320107 -0.00156194 -0.00177877 -0.000961699 0.00668161 0.00451429 -0.00500411 0.0145833 0.0107547
internal_weight=17721 11594 10925 9060 1865 6127 6021 4804 669 525 1217 144 106
internal_count=17721 11594 10925 9060 1865 6127 6021 4804 669 525 1217 144 106
is_linear=0
shrinkage=0.03


Tree=40
num_leaves=15
num_cat=0
split_feature=26 3 34 34 35 37 7 17 2 31 3 10 3 14
split_gain=25.2762 30.5685 36.9869 42.7167 29.8091 22.3737 28.9626 16.8971 16.6833 17.1658 14.5967 13.1703 11.6357 10.2491
threshold=0.034657223150134094 1.1749999523162844 0.0062579307705163964 0.017437067814171318 0.49226060509681707 0.26832713186740881 0.45357142388820654 22.505000114440922 0.78999999165534984 0.88245674967765819 1.3499999642372134 0.28794173896312719 0.60500001907348644 0.81174489855766307
decision_type=2 2 2 2 2 2 2 2 2 2 2 2 2 2
left_child=4 5 7 -4 10 11 -7 -3 13 -10 12 -2 -1 -6
right_child=1 2 3 -5 8 6 -8 -9 9 -11 -12 -13 -14 -15
leaf_value=0.00020728455319553996 0.0015229998525575139 0.00084680946027050413 -0.00070383864211936455 0.0031854836640301345 -0.0021944488223813517 -0.00085134052907561819 6.1035652014062493e-05 0.0079077273599567378 -0.00043615400524099396 -0.0043624598730404246 -0.0055759367341483203 -0.00091594712288095071 0.0026171449584170394 4.5518441757223487e-05
leaf_weight=843 430 170 1838 1258 677 2198 7904 459 1226 238 57 90 221 112
leaf_count=843 430 170 1838 1258 677 2198 7904 459 1226 238 57 90 221 112
internal_value=-2.87794e-05 0.000520666 0.00285906 0.00151163 -0.00236515 -0.000299379 -0.00061176 0.00949126 -0.00435419 -0.00245902 0.00163247 0.00576923 0.00242481 -0.00787072
internal_weight=17721 14347 3725 3096 3374 10622 10102 629 2253 1464 1121 520 1064 789
internal_count=17721 14347 3725 3096 3374 10622 10102 629 2253 1464 1121 520 1064 789
is_linear=0
shrinkage=0.03


Tree=41
num_leaves=14
num_cat=0
split_feature=19 3 35 20 28 35 26 7 15 37 8 27 30
split_gain=23.613 24.6823 34.676 33.5644 55.6993 34.4941 29.624 25.2263 16.0657 15.412 4.99652 3.77352 5.78537
threshold=1.7800000309944155 1.1749999523162844 0.49351923167705541 0.91349998116493236 0.069897400215268149 1.0132819116115572 0.040196631103754051 0.86999997496604931 60.500000000000007 0.49188494682312017 1.6964285969734194 0.56038483977317821 0.19562269747257235
decision_type=2 2 2 2 2 2 2 2 2 2 2 2 2
left_child=1 2 6 5 -5 -3 -1 -4 11 -10 -11 -2 -13
right_child=8 3 7 4 -6 -7 -8 -9 9 10 -12 12 -14
leaf_value=0.00088783542186449127 -0.00078482939527417203 0.00089860497561918408 -0.0013816259217441082 -0.006162073705715464 0.0029607896174448376 -0.0046656697018592043 -0.00010291807486676281 6.4654355235682431e-05 0.00021570436581602818 -0.0036612311279017431 -0.021568343904444016 0.0019269330376313755 -0.00074790009213646536
leaf_weight=2460 57 1151 2954 128 2501 697 5162 2025 88 239 50 133 76
leaf_count=2460 57 1151 2954 128 2501 697 5162 2025 88 239 50 133 76
internal_value=-1.69291e-06 0.000210798 -0.00046901 0.00212419 0.00430202 -0.000974026 0.000802939 -0.00241615 -0.00564541 -0.00962865 -0.0129758 0 0.00186603
internal_weight=17721 17078 12601 4477 2629 1848 7622 4979 643 377 289 266 209
internal_count=17721 17078 12601 4477 2629 1848 7622 4979 643 377 289 266 209
is_linear=0
shrinkage=0.03


Tree=42
num_leaves=14
num_cat=0
split_feature=11 33 7 34 20 27 29 34 33 14 28 18 4
split_gain=22.7352 24.9639 31.4821 26.0734 16.3562 16.3694 20.4203 14.2675 11.1846 10.4951 11.9674 3.38713 3.05358
threshold=0.21428572386503222 0.3461094349622727 0.4435714334249497 0.0061440516728907832 0.59450000524520885 0.56038483977317821 0.6951735019683839 0.014305391348898413 0.41231869161129003 0.81174489855766307 0.13970532640814784 69.674999237060561 0.48999999463558203
decision_type=2 2 2 2 2 2 2 2 2 2 2 2 2
left_child=4 9 7 -4 12 8 -7 -3 -6 10 -2 -11 -1
right_child=1 2 3 -5 5 6 -8 -9 -10 11 -12 -13 -14
leaf_value=0.0063059312555155417 0.0022513890856085323 -0.00030780663097685886 0.0012890813582929121 8.0715077700791279e-05 -0.00014742608059141086 0.00047148991822391011 -0.0010043217371025405 -0.0017420880845933242 -0.0018181629419323541 0.0020495901325457626 0.00026072620461142776 0.0031172742255757067 0.002911537153400486
leaf_weight=56 242 1159 1971 7075 429 2031 2773 671 788 50 375 51 50
leaf_count=56 242 1159 1971 7075 429 2031 2773 671 788 50 375 51 50
internal_value=-1.52362e-05 0.000765913 0.000408238 0.0011342 -0.00149339 -0.00169905 -0.00091174 -0.00318033 -0.0048069 0.00618384 0.00471637 0.0151485 0.0101887
internal_weight=17721 11594 10876 9046 6127 6021 4804 1830 1217 718 617 101 106
internal_count=17721 11594 10876 9046 6127 6021 4804 1830 1217 718 617 101 106
is_linear=0
shrinkage=0.03


Tree=43
num_leaves=15
num_cat=0
split_feature=26 3 34 34 35 37 7 10 17 2 10 10 35 3
split_gain=22.137 27.5147 35.4287 41.2355 25.9589 21.3378 29.6917 17.8482 15.7213 15.1696 17.4773 14.3862 11.169 9.12383
threshold=0.034657223150134094 1.1749999523162844 0.0062579307705163964 0.017437067814171318 0.49226060509681707 0.32136431336402899 0.4435714334249497 0.30241701006889349 22.505000114440922 0.78999999165534984 2.2717986106872563 0.60086899995803844 0.82815513014793407 0.60500001907348644
decision_type=2 2 2 2 2 2 2 2 2 2 2 2 2 2
left_child=4 5 8 -4 11 7 -7 -2 -3 12 -11 13 -6 -1
right_child=1 2 3 -5 9 6 -8 -9 -10 10 -12 -13 -14 -15
leaf_value=0.00018487486669582469 0.00086966370962219945 0.00084881340118903123 -0.00072354469837148955 0.0030080994499497304 -0.0020608588793091889 -0.0010603534326866625 7.1497667617252937e-06 -0.0012901561018713848 0.0076048649491406725 -0.00067664462764197952 -0.017349505164035082 -0.0050636434832875095 0.00063180513878862907 0.0022866934084153526
leaf_weight=836 1034 170 1838 1258 703 1735 7696 157 459 1392 72 57 86 228
leaf_count=836 1034 170 1838 1258 703 1735 7696 157 459 1392 72 57 86 228
internal_value=-1.8622e-05 0.000495574 0.00271409 0.00139535 -0.0022051 -0.000282433 -0.000760259 0.00350126 0.00920509 -0.00406125 -0.0022541 0.00152542 -0.00741445 0.00231203
internal_weight=17721 14347 3725 3096 3374 10622 9431 1191 629 2253 1464 1121 789 1064
internal_count=17721 14347 3725 3096 3374 10622 9431 1191 629 2253 1464 1121 789 1064
is_linear=0
shrinkage=0.03


Tree=44
num_leaves=13
num_cat=0
split_feature=19 38 10 33 34 34 34 15 37 8 27 30
split_gain=21.6681 23.5411 22.6869 20.5742 17.7231 20.1942 17.5718 15.0211 14.5324 5.48923 5.02392 4.93848
threshold=1.7800000309944155 0.50404340028762828 2.9779762029647832 1.5071119666099551 0.0036576900165528063 0.00058566423831507574 0.004378924611955882 60.500000000000007 0.49188494682312017 1.6964285969734194 0.56038483977317821 0.19562269747257235
decision_type=2 2 2 2 2 2 2 2 2 2 2 2
left_child=1 2 3 -1 5 -3 -6 10 -9 -10 -2 -12
right_child=7 4 -4 -5 6 -7 -8 8 9 -11 11 -13
leaf_value=-0.00015149028043264431 -0.000712285871158851 -0.0010530997417542939 -0.014018838603971077 0.006232756678335844 -0.0024443857296417766 0.0039824834922641845 0.00063711434336008129 0.0002116794661238521 -0.0035268107879524893 -0.020887140148590409 0.0018507519445829066 -0.00068035195358263423
leaf_weight=13431 57 54 93 253 98 485 2664 88 239 50 133 76
leaf_count=13431 57 54 93 253 98 485 2664 88 239 50 133 76
internal_value=-5.24801e-05 0.000151072 -0.000394135 -0.000293774 0.00242654 0.0074026 0.00145547 -0.00545879 -0.00931034 -0.0125606 0 0.00215311
internal_weight=17721 17078 13777 13684 3301 539 2762 643 377 289 266 209
internal_count=17721 17078 13777 13684 3301 539 2762 643 377 289 266 209
is_linear=0
shrinkage=0.03


Tree=45
num_leaves=15
num_cat=0
split_feature=38 35 9 13 8 11 29 13 1 34 16 15 35 35
split_gain=20.7705 23.6403 32.3863 22.126 18.499 16.8885 15.7697 13.3022 16.2767 12.3933 13.9708 12.3579 7.37094 4.34435
threshold=0.57823783159255993 1.5273656249046328 2.9946428537368779 1.0000000180025095e-35 1.10357141494751 1.0000000180025095e-35 0.72101232409477245 -0.60785761475563038 3.0499999523162846 0.0036576900165528063 1.1297500133514407 64.500000000000014 0.39396497607231146 1.6935814023017886
decision_type=2 2 2 2 2 2 2 2 2 2 2 2 2 2
left_child=1 2 3 -1 9 -6 -4 13 -9 12 -11 -7 -2 -3
right_child=4 7 6 -5 5 11 -8 8 -10 10 -12 -13 -14 -15
leaf_value=0.00016286861696220717 0.0029785684598845133 -0.011065035291691873 0.0083472004825652923 -0.00054461834371634702 -0.0051252611703550745 0.006464445398260894 -0.0036233466161211193 -0.0089440579421515114 0.0010407727231505305 0.0030607974497497779 -0.00023922948824660757 0.0014133129522999205 0.00090283728180190763 -0.021941797827963523
leaf_weight=8813 55 86 263 5854 62 524 74 152 205 114 1095 215 143 66
leaf_count=8813 55 86 263 5854 62 524 74 152 205 114 1095 215 143 66
internal_value=-3.21652e-05 -0.000419648 -0.000203946 -0.000415218 0.00269022 0.00632959 0.0089911 -0.006778 -0.00361345 0.000618337 -0.000521092 0.00759134 0.00757576 -0.0142105
internal_weight=17721 15513 15004 14667 2208 801 337 509 357 1407 1209 739 198 152
internal_count=17721 15513 15004 14667 2208 801 337 509 357 1407 1209 739 198 152
is_linear=0
shrinkage=0.03


Tree=46
num_leaves=15
num_cat=0
split_feature=38 34 1 33 35 20 36 4 10 37 20 0 35 8
split_gain=21.07 25.2657 30.7139 27.092 23.3541 21.5491 38.5374 29.5247 23.437 21.3064 18.8902 17.8346 17.0624 8.55351
threshold=0.28063574433326727 0.0061440516728907832 2.0499999523162846 0.99235436320304882 0.84110864996910106 0.67550000548362743 0.010796828661113979 1.5500000119209292 1.0568581819534304 5.0703568458557138 0.6174999773502351 6.5000000000000009 0.31316342949867254 0.46357142925262457
decision_type=2 2 2 2 2 2 2 2 2 2 2 2 2 2
left_child=5 2 12 4 -3 10 8 -8 -7 -4 -1 -5 -2 -12
right_child=1 3 9 11 -6 6 7 -9 -10 -11 13 -13 -14 -15
leaf_value=0.0044602625136165967 0.0043274825148151624 -1.7214418777051893e-05 0.019203655234323682 -0.0063026034130063552 0.0040614530815322094 -0.00063931451406354616 0.00014149241960690367 0.0050370666341374602 -0.0063986721935466208 -0.00176685549847999 -0.0039944021394546511 0.0045864467448836679 0.00051133613745767646 -0.0035348077365869065
leaf_weight=61 60 7027 186 603 642 3804 1365 533 226 72 78 84 2606 374
leaf_count=61 60 7027 186 603 642 3804 1365 533 226 72 78 84 2606 374
internal_value=-4.23227e-05 0.000739362 0.00313953 -0.000100527 0.000410745 -0.00141127 -0.00090081 0.00262381 -0.00256079 0.0130233 -0.00730994 -0.00580786 0.00218305 -0.00942478
internal_weight=17721 11280 2924 8356 7669 6441 5928 1898 4030 258 513 687 2666 452
internal_count=17721 11280 2924 8356 7669 6441 5928 1898 4030 258 513 687 2666 452
is_linear=0
shrinkage=0.03


Tree=47
num_leaves=15
num_cat=0
split_feature=26 35 27 20 8 33 20 37 36 2 10 10 3 3
split_gain=20.2749 26.7116 24.0853 37.843 43.6083 22.2486 20.5372 30.9503 24.2159 14.7258 15.5147 10.737 10.3435 9.12383
threshold=0.034657223150134094 0.49226060509681707 0.56038483977317821 0.8555000126361848 1.0364285707473757 0.42174685001373297 0.92350000143051159 0.26832713186740881 0.00077275143121369194 0.78999999165534984 2.2717986106872563 0.60086899995803844 0.3900000005960465 0.60500001907348644
decision_type=2 2 2 2 2 2 2 2 2 2 2 2 2 2
left_child=1 11 6 5 -5 -4 8 -8 -2 12 -11 13 -3 -1
right_child=2 9 3 4 -6 -7 7 -9 -10 10 -12 -13 -14 -15
leaf_value=0.00018924955267815189 -0.0046489122563186077 -0.0037031431611638361 0.0010981999388976929 0.00020457016040777701 0.0032977408560317463 -0.0014881256444132696 0.0014344872502646609 -0.0010561275918045117 0.0007351832965363025 -0.00078756765977584168 -0.01622617736123683 -0.0046188557478527778 -0.0016670530033303919 0.0022324138966910339
leaf_weight=836 127 104 368 5321 2394 2035 290 2203 1609 1392 72 57 685 228
leaf_count=836 127 104 368 5321 2394 2035 290 2203 1609 1392 72 57 685 228
internal_value=-5.92517e-05 -0.00215175 0.000432843 0.00122752 0.00225146 -0.00205993 -0.00146843 -0.003213 0.00103687 -0.00403462 -0.0022541 0.00163247 -0.0073384 0.00231203
internal_weight=17721 3374 14347 10118 7715 2403 4229 2493 1736 2253 1464 1121 789 1064
internal_count=17721 3374 14347 10118 7715 2403 4229 2493 1736 2253 1464 1121 789 1064
is_linear=0
shrinkage=0.03


Tree=48
num_leaves=14
num_cat=0
split_feature=11 33 7 20 20 27 20 37 33 14 28 18 4
split_gain=21.7276 22.9809 28.9439 23.3398 16.3014 16.5801 18.4892 13.293 12.0017 11.0903 11.0464 3.38713 3.05358
threshold=0.21428572386503222 0.3461094349622727 0.4435714334249497 0.83250001072883617 0.59450000524520885 0.56038483977317821 0.69400000572204601 0.3601487278938294 0.41231869161129003 0.81174489855766307 0.13970532640814784 69.674999237060561 0.48999999463558203
decision_type=2 2 2 2 2 2 2 2 2 2 2 2 2
left_child=4 9 7 -4 12 8 -7 -3 -6 10 -2 -11 -1
right_child=1 2 3 -5 5 6 -8 -9 -10 11 -12 -13 -14
leaf_value=0.0060856259830498246 0.002110684719843119 -6.4435953140507088e-05 -0.00081185882830879573 0.00058101772232438788 -0.00011095855250923596 -0.0033119524069032697 -0.0001622716274396184 -0.0017246037669089308 -0.001729018557261095 0.0019689419401164071 0.00017581962627361046 0.0031473274392755245 0.0027919604060772088
leaf_weight=56 242 767 2060 6986 429 329 4475 1063 788 50 375 51 50
leaf_count=56 242 767 2060 6986 429 329 4475 1063 788 50 375 51 50
internal_value=-2.87794e-05 0.000734863 0.000391688 0.00108777 -0.0014738 -0.00167912 -0.000886761 -0.00304918 -0.0048069 0.00593315 0.00442464 0.0151485 0.0101887
internal_weight=17721 11594 10876 9046 6127 6021 4804 1830 1217 718 617 101 106
internal_count=17721 11594 10876 9046 6127 6021 4804 1830 1217 718 617 101 106
is_linear=0
shrinkage=0.03


Tree=49
num_leaves=11
num_cat=0
split_feature=1 2 37 13 15 3 35 34 13 2
split_gain=20.2804 30.2775 28.3086 21.5388 50.3794 23.0567 12.3279 6.10548 5.23636 3.92157
threshold=4.9500000476837167 7.4500000476837167 4.6871931552886972 1.0000000180025095e-35 64.500000000000014 1.1749999523162844 1.6160821318626406 0.011756666935980322 1.0000000180025095e-35 6.1499998569488534
decision_type=2 2 2 2 2 2 2 2 2 2
left_child=2 7 3 4 -1 -5 9 8 -2 -4
right_child=1 -3 6 5 -6 -7 -8 -9 -10 -11
leaf_value=0.00079972759798014291 0.018727981514807524 -0.010673381012940499 -0.0033660246297588584 -0.00057684295746120802 -0.00065686249816636311 0.00064502841844474507 -0.022797953977082085 0.013343471321099611 0.035638348202866522 -0.023863942108241828
leaf_weight=6199 55 78 51 5259 3929 1903 58 83 55 51
leaf_count=6199 55 78 51 5259 3929 1903 58 83 55 51
internal_value=-6.26375e-05 0.00808118 -0.000189112 -7.28745e-05 0.000817536 -0.00133203 -0.01275 0.014456 0.0190909 -0.00647059
internal_weight=17721 271 17450 17290 10128 7162 160 193 110 102
internal_count=17721 271 17450 17290 10128 7162 160 193 110 102
is_linear=0
shrinkage=0.03


end of trees

feature_importances:
Column_35=73
Column_20=49
Column_36=39
Column_34=35
Column_15=31
Column_38=31
Column_33=29
Column_8=28
Column_26=27
Column_37=27
Column_11=26
Column_7=25
Column_3=21
Column_13=21
Column_30=19
Column_2=18
Column_5=18
Column_10=17
Column_31=17
Column_17=16
Column_19=13
Column_0=12
Column_27=12
Column_9=9
Column_14=9
Column_4=8
Column_16=7
Column_29=7
Column_1=6
Column_25=6
Column_32=6
Column_18=3
Column_28=3
Column_6=2

parameters:
[boosting: gbdt]
[objective: regression_l1]
[metric: l1]
[tree_learner: serial]
[device_type: cpu]
[data_sample_strategy: bagging]
[data: ]
[valid: ]
[num_iterations: 50]
[learning_rate: 0.03]
[num_leaves: 16]
[num_threads: 4]
[seed: 20260910]
[deterministic: 1]
[force_col_wise: 1]
[force_row_wise: 0]
[histogram_pool_size: -1]
[max_depth: 4]
[min_data_in_leaf: 50]
[min_sum_hessian_in_leaf: 0.001]
[bagging_fraction: 1]
[pos_bagging_fraction: 1]
[neg_bagging_fraction: 1]
[bagging_freq: 0]
[bagging_seed: 11424]
[bagging_by_query: 0]
[feature_fraction: 1]
[feature_fraction_bynode: 1]
[feature_fraction_seed: 17335]
[extra_trees: 0]
[extra_seed: 1225]
[early_stopping_round: 0]
[early_stopping_min_delta: 0]
[first_metric_only: 0]
[max_delta_step: 0]
[lambda_l1: 0]
[lambda_l2: 0]
[linear_lambda: 0]
[min_gain_to_split: 0]
[drop_rate: 0.1]
[max_drop: 50]
[skip_drop: 0.5]
[xgboost_dart_mode: 0]
[uniform_drop: 0]
[drop_seed: 7987]
[top_rate: 0.2]
[other_rate: 0.1]
[min_data_per_group: 100]
[max_cat_threshold: 32]
[cat_l2: 10]
[cat_smooth: 10]
[max_cat_to_onehot: 4]
[top_k: 20]
[monotone_constraints: ]
[monotone_constraints_method: basic]
[monotone_penalty: 0]
[feature_contri: ]
[forcedsplits_filename: ]
[refit_decay_rate: 0.9]
[cegb_tradeoff: 1]
[cegb_penalty_split: 0]
[cegb_penalty_feature_lazy: ]
[cegb_penalty_feature_coupled: ]
[path_smooth: 0]
[interaction_constraints: ]
[verbosity: -1]
[saved_feature_importance_type: 0]
[use_quantized_grad: 0]
[num_grad_quant_bins: 4]
[quant_train_renew_leaf: 0]
[stochastic_rounding: 1]
[linear_tree: 0]
[max_bin: 255]
[max_bin_by_feature: ]
[min_data_in_bin: 3]
[bin_construct_sample_cnt: 200000]
[data_random_seed: 5053]
[is_enable_sparse: 1]
[enable_bundle: 1]
[use_missing: 1]
[zero_as_missing: 0]
[feature_pre_filter: 1]
[pre_partition: 0]
[two_round: 0]
[header: 0]
[label_column: ]
[weight_column: ]
[group_column: ]
[ignore_column: ]
[categorical_feature: ]
[forcedbins_filename: ]
[precise_float_parser: 0]
[parser_config_file: ]
[objective_seed: 1448]
[num_class: 1]
[is_unbalance: 0]
[scale_pos_weight: 1]
[sigmoid: 1]
[boost_from_average: 1]
[reg_sqrt: 0]
[alpha: 0.9]
[fair_c: 1]
[poisson_max_delta_step: 0.7]
[tweedie_variance_power: 1.5]
[lambdarank_truncation_level: 30]
[lambdarank_norm: 1]
[label_gain: ]
[lambdarank_position_bias_regularization: 0]
[eval_at: ]
[multi_error_top_k: 1]
[auc_mu_weights: ]
[num_machines: 1]
[local_listen_port: 12400]
[time_out: 120]
[machine_list_filename: ]
[machines: ]
[gpu_platform_id: -1]
[gpu_device_id: -1]
[gpu_use_dp: 0]
[num_gpu: 1]

end of parameters

pandas_categorical:null
